2452106.77737 16.630 0.011 5.65 811.0
2452112.76568 16.624 0.010 4.90 708.0
2452128.58275 16.604 0.009 3.99 945.0
2452131.57614 16.618 0.009 3.85 994.0
2452134.67978 16.635 0.012 6.49 940.0
2452138.55990 16.622 0.012 5.90 853.0
2452143.52890 16.562 0.016 7.89 1031.0
2452158.52784 16.619 0.009 4.41 835.0
2452162.51316 16.615 0.012 5.62 975.0
2452168.54798 16.605 0.013 6.50 959.0
2452173.50600 16.575 0.015 7.10 1068.0
2452180.50461 16.618 0.010 4.44 1176.0
2452184.50932 16.597 0.015 7.38 1135.0
2452194.56439 16.622 0.011 4.83 1040.0
2452321.88195 16.597 0.014 5.48 1393.0
2452326.81506 16.593 0.014 6.22 1358.0
2452345.82461 16.630 0.010 3.59 1071.0
2452350.82868 16.619 0.009 3.61 1105.0
2452358.89339 16.589 0.011 4.83 1048.0
2452370.82158 16.611 0.011 5.22 989.0
2452381.82885 16.616 0.010 4.00 935.0
2452384.80172 16.608 0.010 4.48 1020.0
2452388.85949 16.627 0.010 4.36 990.0
2452391.74551 16.618 0.013 4.99 1582.0
2452396.77699 16.625 0.016 3.74 4436.0
2452400.70495 16.604 0.012 5.37 1061.0
2452402.81921 16.621 0.010 4.03 1041.0
2452404.85184 16.624 0.010 3.87 971.0
2452406.93579 16.584 0.013 5.32 1457.0
2452415.73265 16.598 0.012 5.19 1063.0
2452417.70947 16.600 0.011 5.06 1088.0
2452426.68762 16.590 0.010 4.75 934.0
2452431.81831 16.557 0.009 4.84 971.0
2452433.74547 16.622 0.011 4.73 989.0
2452434.81856 16.619 0.010 3.79 978.0
2452436.59308 16.617 0.011 4.44 1187.0
2452438.62346 16.610 0.011 4.97 984.0
2452440.60492 16.600 0.011 5.02 1007.0
2452442.62219 16.615 0.010 4.24 963.0
2452444.71852 16.598 0.011 4.31 1189.0
2452446.68701 16.600 0.011 4.61 1120.0
2452453.74996 16.599 0.011 4.91 1091.0
2452458.74301 16.598 0.011 5.27 845.0
2452462.73174 16.620 0.009 3.90 820.0
2452463.83239 16.617 0.010 4.35 1067.0
2452466.76229 16.593 0.011 5.12 958.0
2452468.47465 16.594 0.013 6.24 1113.0
2452470.47758 16.598 0.013 6.31 1312.0
2452474.47980 16.620 0.016 5.53 2617.0
2452482.63139 16.618 0.012 5.07 1088.0
2452485.64138 16.632 0.013 6.39 910.0
2452489.71204 16.583 0.009 4.44 948.0
2452492.65740 16.624 0.010 4.00 1037.0
2452494.71107 16.598 0.009 4.89 866.0
2452497.51364 16.598 0.011 4.66 983.0
2452499.54962 16.623 0.010 3.91 999.0
2452501.57721 16.620 0.010 4.08 1061.0
2452511.55755 16.604 0.013 5.77 1185.0
2452517.49443 16.585 0.013 6.15 1143.0
2452520.68356 16.589 0.010 4.33 1045.0
2452526.53779 16.598 0.010 4.52 932.0
2452537.48785 16.605 0.013 5.62 1263.0
2452540.50385 16.623 0.013 5.10 1344.0
2452546.51435 16.599 0.011 4.88 1171.0
2452550.49572 16.555 0.015 6.94 1109.0
2452554.56758 16.581 0.011 5.03 1113.0
2452558.50410 16.592 0.014 5.57 1440.0
2452565.50480 16.602 0.014 5.34 1459.0
2452698.89907 16.607 0.012 5.95 1009.0
2452711.88210 16.617 0.010 5.05 917.0
2452721.90379 16.630 0.017 3.97 4674.0
2452730.90269 16.611 0.010 4.08 1038.0
2452743.77918 16.624 0.010 4.09 1118.0
2452748.79785 16.595 0.011 4.42 1392.0
2452755.78789 16.603 0.010 4.18 964.0
2452759.78293 16.596 0.011 4.59 1092.0
2452765.79604 16.622 0.010 4.25 1125.0
2452769.78069 16.598 0.007 4.04 928.0
2452782.71894 16.605 0.012 5.74 1053.0
2452784.71177 16.618 0.009 3.68 945.0
2452786.59830 16.619 0.015 5.92 1533.0
2452788.69597 16.615 0.010 3.85 1042.0
2452788.73165 16.608 0.009 3.75 1024.0
2452788.81973 16.626 0.010 3.86 1063.0
2452788.93236 16.594 0.009 4.05 1222.0
2452789.61901 16.617 0.010 3.88 1107.0
2452789.73310 16.620 0.009 3.53 981.0
2452790.82455 16.615 0.010 3.86 943.0
2452791.71572 16.625 0.010 3.95 877.0
2452791.93904 16.578 0.010 5.46 648.0
2452792.58554 16.581 0.014 6.98 1074.0
2452792.62317 16.627 0.012 5.49 918.0
2452794.61897 16.615 0.012 5.75 1110.0
2452796.57352 16.599 0.010 4.26 1032.0
2452802.58994 16.607 0.015 6.16 1387.0
2452808.63984 16.630 0.011 4.55 1148.0
2452810.57817 16.618 0.011 4.58 1160.0
2452812.57976 16.635 0.011 4.10 1288.0
2452813.82358 16.625 0.010 3.80 1072.0
2452815.60210 16.602 0.011 4.74 971.0
2452816.66782 16.615 0.010 4.49 902.0
2452817.78225 16.612 0.011 4.81 1113.0
2452818.67744 16.603 0.010 4.07 1033.0
2452819.77137 16.586 0.012 5.47 1097.0
2452821.66942 16.560 0.012 4.83 1155.0
2452826.66026 16.539 0.008 5.17 694.0
2452826.68916 16.635 0.008 4.34 784.0
2452830.79053 16.616 0.017 4.66 3407.0
2452835.48752 16.618 0.014 4.09 2325.0
2452837.50646 16.559 0.014 6.28 1351.0
2452838.73686 16.606 0.010 4.36 1014.0
2452840.50761 16.611 0.012 5.17 1124.0
2452842.56549 16.617 0.011 4.62 1085.0
2452844.62030 16.623 0.010 3.85 997.0
2452848.55979 16.568 0.013 6.42 1158.0
2452851.54619 16.610 0.010 4.17 1126.0
2452853.54994 16.617 0.011 4.74 1100.0
2452854.74554 16.582 0.012 6.02 1081.0
2452857.73259 16.576 0.011 4.70 1195.0
2452862.51378 16.623 0.014 5.50 1418.0
2452864.51149 16.606 0.012 4.94 1320.0
2452867.66502 16.594 0.011 4.86 996.0
2452868.52698 16.615 0.010 4.41 1027.0
2452871.49287 16.625 0.011 4.75 1032.0
2452875.64264 16.598 0.011 5.46 1005.0
2452877.66295 16.588 0.011 4.18 1088.0
2452882.55284 16.602 0.010 5.05 893.0
2452889.53966 16.585 0.015 6.49 1294.0
2452894.58707 16.616 0.011 4.36 1162.0
2452898.64282 16.625 0.013 5.17 1303.0
2452903.54552 16.596 0.009 4.46 919.0
2452908.60365 16.586 0.014 6.44 1093.0
2452912.54945 16.613 0.011 4.60 1211.0
2452926.57301 16.589 0.012 4.93 1293.0
2453043.87242 16.597 0.011 4.29 1448.0
2453044.86716 16.649 0.012 4.88 1260.0
2453055.88322 16.602 0.010 4.21 1065.0
2453064.82722 16.604 0.012 5.36 1250.0
2453067.90064 16.602 0.009 3.62 1155.0
2453070.86220 16.609 0.012 5.12 1204.0
2453073.81760 16.615 0.011 4.67 1176.0
2453075.85629 16.615 0.011 4.40 1176.0
2453079.90081 16.612 0.011 3.99 1940.0
2453082.87177 16.610 0.010 4.53 915.0
2453084.91420 16.594 0.010 3.74 1496.0
2453086.84576 16.625 0.009 4.05 836.0
2453088.80322 16.607 0.009 3.95 835.0
2453089.91249 16.604 0.010 4.66 1117.0
2453091.84071 16.613 0.010 4.96 835.0
2453096.87367 16.615 0.011 5.94 946.0
2453098.86270 16.605 0.008 3.81 843.0
2453100.81180 16.618 0.010 4.16 1025.0
2453102.87776 16.609 0.010 4.11 1126.0
2453103.78306 16.587 0.010 4.24 1259.0
2453106.85378 16.613 0.011 3.72 1703.0
2453108.77565 16.606 0.009 3.95 967.0
2453109.80783 16.612 0.009 4.08 851.0
2453110.84222 16.619 0.010 4.73 939.0
2453112.80054 16.615 0.009 4.89 766.0
2453113.88156 16.622 0.010 4.67 834.0
2453114.79239 16.625 0.009 4.37 845.0
2453115.87585 16.605 0.010 4.71 888.0
2453122.91837 16.573 0.011 5.11 982.0
2453125.87874 16.587 0.012 5.47 982.0
2453126.90430 16.591 0.009 3.77 1012.0
2453127.81854 16.586 0.010 4.24 1108.0
2453128.82822 16.613 0.009 4.41 1099.0
2453130.70614 16.587 0.011 4.22 1471.0
2453131.89528 16.577 0.014 4.65 2280.0
2453135.90747 16.619 0.010 4.49 997.0
2453138.70919 16.579 0.011 5.17 968.0
2453139.88648 16.601 0.009 3.92 897.0
2453140.88627 16.613 0.009 4.06 827.0
2453142.77455 16.605 0.009 4.09 913.0
2453144.79551 16.591 0.010 4.85 830.0
2453146.81814 16.606 0.010 5.60 813.0
2453151.75814 16.588 0.011 5.90 859.0
2453151.91079 16.574 0.011 5.16 983.0
2453152.76222 16.606 0.010 4.50 918.0
2453153.76614 16.588 0.011 5.56 917.0
2453154.82767 16.583 0.012 6.18 905.0
2453156.84743 16.595 0.011 4.99 1112.0
2453158.92154 16.581 0.015 5.95 1678.0
2453162.82241 16.600 0.011 4.28 1171.0
2453163.63530 16.584 0.009 3.73 879.0
2453163.65706 16.573 0.008 4.11 868.0
2453164.74466 16.598 0.009 4.27 914.0
2453165.76477 16.610 0.008 3.51 777.0
2453166.90996 16.558 0.015 7.43 1164.0
2453167.77020 16.603 0.011 5.98 837.0
2453168.75800 16.591 0.009 4.72 872.0
2453169.73435 16.594 0.010 4.19 886.0
2453170.81140 16.621 0.008 3.57 804.0
2453171.83417 16.617 0.007 3.37 880.0
2453172.76115 16.611 0.009 4.13 808.0
2453174.71806 16.620 0.008 3.63 847.0
2453175.72741 16.604 0.009 3.62 917.0
2453177.76458 16.590 0.012 6.76 940.0
2453178.79110 16.628 0.007 4.04 637.0
2453179.80083 16.615 0.010 4.81 889.0
2453180.72975 16.617 0.008 3.37 745.0
2453182.78073 16.590 0.009 4.53 805.0
2453183.74930 16.611 0.011 5.59 831.0
2453184.70710 16.629 0.009 3.67 797.0
2453185.75974 16.608 0.010 4.32 974.0
2453193.54537 16.607 0.009 4.23 930.0
2453194.60394 16.611 0.010 4.22 1090.0
2453195.65594 16.615 0.008 3.44 775.0
2453195.80897 16.615 0.009 3.98 875.0
2453196.55442 16.595 0.011 5.25 1011.0
2453197.52191 16.614 0.009 3.84 922.0
2453199.63174 16.614 0.010 5.55 738.0
2453201.52356 16.614 0.009 4.97 926.0
2453202.57797 16.594 0.009 5.04 832.0
2453203.66754 16.598 0.009 4.08 801.0
2453204.66185 16.606 0.008 4.06 694.0
2453205.77549 16.564 0.008 5.16 609.0
2453206.72632 16.590 0.010 5.81 734.0
2453210.55169 16.554 0.012 6.62 1032.0
2453211.59214 16.582 0.011 6.15 796.0
2453217.48224 16.606 0.011 3.94 1672.0
2453218.65921 16.578 0.011 4.79 1288.0
2453219.61505 16.551 0.012 6.28 990.0
2453223.66038 16.567 0.011 5.70 865.0
2453224.70587 16.598 0.010 4.24 1011.0
2453226.62991 16.576 0.011 6.26 754.0
2453228.60968 16.597 0.010 5.16 720.0
2453229.64216 16.630 0.010 5.21 805.0
2453230.67574 16.610 0.009 4.74 755.0
2453231.57942 16.618 0.009 4.39 836.0
2453232.60691 16.539 0.013 7.77 801.0
2453238.62808 16.616 0.013 6.71 853.0
2453239.70680 16.616 0.012 7.41 854.0
2453240.68794 16.571 0.012 6.32 957.0
2453241.66284 16.626 0.011 5.17 1034.0
2453245.56271 16.607 0.011 5.12 1214.0
2453246.66642 16.562 0.012 5.70 1086.0
2453247.63262 16.608 0.010 4.28 1066.0
2453249.53463 16.585 0.010 4.77 865.0
2453250.66728 16.589 0.013 6.02 1223.0
2453253.53507 16.607 0.010 5.25 715.0
2453256.64434 16.579 0.012 6.54 853.0
2453267.54041 16.641 0.010 4.69 1010.0
2453272.59581 16.609 0.012 5.71 1024.0
2453275.57879 16.577 0.013 6.24 1035.0
2453278.60768 16.630 0.012 5.06 1083.0
2453282.58171 16.596 0.007 4.22 488.0
2453288.55423 16.620 0.010 5.36 735.0
2453293.52485 16.602 0.007 4.86 475.0
2453295.53504 16.584 0.006 4.54 395.0
2453299.55932 16.518 0.005 4.63 367.0
2453314.51954 16.575 0.016 6.94 1346.0
2453409.88570 16.618 0.011 5.74 992.0
2453414.87418 16.616 0.010 4.86 847.0
2453422.88009 16.604 0.010 6.33 718.0
2453426.87121 16.589 0.009 4.33 964.0
2453429.85323 16.607 0.010 4.54 1064.0
2453432.89666 16.605 0.009 3.45 1544.0
2453442.89913 16.624 0.009 5.07 801.0
2453445.81188 16.594 0.008 4.03 715.0
2453447.86253 16.590 0.010 5.10 830.0
2453449.87517 16.632 0.008 4.02 743.0
2453452.89572 16.604 0.008 3.83 770.0
2453455.83000 16.588 0.011 5.43 1065.0
2453457.86351 16.601 0.009 4.20 891.0
2453459.85872 16.604 0.009 3.87 1063.0
2453467.88854 16.602 0.008 4.38 736.0
2453469.79450 16.617 0.008 4.12 733.0
2453470.80739 16.605 0.007 3.60 674.0
2453472.76986 16.587 0.009 4.48 757.0
2453473.78965 16.609 0.010 5.42 744.0
2453474.78631 16.562 0.010 6.05 716.0
2453475.81190 16.591 0.008 4.38 737.0
2453477.77369 16.621 0.009 3.92 771.0
2453479.77251 16.633 0.007 3.59 671.0
2453480.73268 16.616 0.008 4.13 695.0
2453481.75064 16.599 0.008 4.09 809.0
2453482.72739 16.604 0.009 3.76 884.0
2453496.73019 16.614 0.009 4.56 868.0
2453497.80172 16.630 0.010 4.95 838.0
2453498.92602 16.613 0.011 5.32 820.0
2453499.87290 16.630 0.008 3.83 734.0
2453500.73912 16.598 0.009 4.18 776.0
2453501.82986 16.589 0.007 3.49 809.0
2453502.72861 16.621 0.008 3.38 802.0
2453503.69778 16.638 0.008 4.01 674.0
2453504.71250 16.595 0.008 4.48 652.0
2453506.75637 16.616 0.009 4.51 737.0
2453508.76591 16.616 0.011 5.93 771.0
2453509.73902 16.613 0.008 4.43 709.0
2453510.80875 16.626 0.009 3.94 751.0
2453511.84790 16.593 0.008 3.40 971.0
2453512.71763 16.586 0.010 4.58 1008.0
2453517.69854 16.625 0.018 6.80 1824.0
2453520.77202 16.608 0.010 4.39 819.0
2453521.72879 16.645 0.008 3.38 863.0
2453522.75671 16.620 0.008 3.41 697.0
2453523.76193 16.609 0.007 3.28 731.0
2453524.90364 16.616 0.011 5.55 926.0
2453525.76009 16.613 0.008 3.67 671.0
2453526.76307 16.630 0.008 3.96 740.0
2453528.68400 16.619 0.008 3.96 679.0
2453529.70626 16.567 0.006 4.21 409.0
2453530.62139 16.621 0.008 3.44 705.0
2453537.74661 16.600 0.007 4.40 627.0
2453538.61792 16.624 0.009 4.66 718.0
2453539.82821 16.600 0.007 3.47 751.0
2453540.66125 16.596 0.009 4.14 869.0
2453544.73345 16.586 0.011 4.23 1519.0
2453546.72680 16.586 0.013 5.34 1409.0
2453547.81961 16.560 0.012 6.13 881.0
2453550.64608 16.641 0.008 3.65 865.0
2453551.64742 16.599 0.005 3.45 721.0
2453552.68203 16.630 0.008 4.17 679.0
2453553.73141 16.620 0.010 4.98 856.0
2453554.66995 16.582 0.010 5.60 803.0
2453555.68834 16.599 0.009 5.15 731.0
2453556.68441 16.605 0.009 4.36 715.0
2453558.54146 16.618 0.011 5.36 896.0
2453558.84015 16.561 0.010 5.56 770.0
2453559.71005 16.616 0.008 3.98 748.0
2453560.61143 16.600 0.008 3.95 731.0
2453561.55639 16.586 0.008 3.93 894.0
2453562.59981 16.567 0.010 5.84 804.0
2453563.65060 16.605 0.008 4.14 713.0
2453564.58557 16.591 0.010 5.73 767.0
2453569.57372 16.633 0.012 4.44 1753.0
2453573.66865 16.590 0.011 5.10 974.0
2453574.70005 16.615 0.010 4.40 921.0
2453575.54756 16.634 0.008 3.56 787.0
2453575.78417 16.615 0.010 4.91 931.0
2453576.70140 16.603 0.009 4.68 798.0
2453577.60151 16.602 0.008 4.35 691.0
2453578.68616 16.619 0.008 4.15 677.0
2453579.63167 16.611 0.008 4.12 677.0
2453580.66487 16.606 0.009 4.71 751.0
2453581.68469 16.623 0.008 4.00 672.0
2453582.65657 16.609 0.009 4.52 697.0
2453583.64702 16.607 0.008 4.39 665.0
2453583.76689 16.601 0.011 5.93 938.0
2453584.65566 16.603 0.008 3.88 676.0
2453584.77033 16.590 0.010 5.77 735.0
2453585.64600 16.600 0.009 5.31 618.0
2453586.73110 16.587 0.008 4.29 766.0
2453589.68466 16.628 0.008 3.90 695.0
2453590.69375 16.611 0.009 4.93 767.0
2453591.69218 16.616 0.008 3.68 709.0
2453594.72130 16.618 0.009 4.69 813.0
2453601.66984 16.598 0.009 4.35 1094.0
2453602.63046 16.631 0.010 4.22 995.0
2453603.65049 16.614 0.010 4.69 851.0
2453607.64882 16.620 0.008 4.23 698.0
2453608.66420 16.621 0.009 4.96 748.0
2453615.59194 16.604 0.008 4.47 680.0
2453618.59357 16.598 0.009 4.33 831.0
2453620.55675 16.605 0.008 4.02 676.0
2453622.53464 16.559 0.012 7.05 792.0
2453628.61548 16.612 0.014 5.99 1293.0
2453630.55017 16.590 0.011 5.06 1075.0
2453632.60182 16.570 0.013 6.00 1196.0
2453634.50089 16.629 0.010 4.83 753.0
2453639.55979 16.618 0.008 3.63 745.0
2453641.55818 16.607 0.014 6.76 965.0
2453644.51857 16.615 0.009 3.95 862.0
2453648.55170 16.591 0.011 5.94 836.0
2453650.59883 16.591 0.013 7.01 972.0
2453654.55437 16.571 0.014 4.86 2294.0
2453656.53563 16.589 0.011 4.97 1208.0
2453658.56746 16.539 0.014 6.66 1328.0
2453660.54014 16.598 0.012 4.89 1465.0
2453664.54130 16.617 0.010 4.30 1107.0
2453669.54081 16.597 0.012 5.82 970.0
2453675.52218 16.599 0.012 5.51 1224.0
2453776.88070 16.630 0.011 5.21 1128.0
2453782.86534 16.647 0.010 4.57 1023.0
2453784.89062 16.613 0.010 3.56 1866.0
2453787.85260 16.629 0.010 4.00 1077.0
2453790.88334 16.626 0.011 4.15 1381.0
2453792.87994 16.598 0.008 3.69 828.0
2453794.83693 16.638 0.011 5.77 873.0
2453796.82648 16.623 0.010 5.00 890.0
2453798.79763 16.603 0.011 5.44 924.0
2453799.87129 16.617 0.012 5.59 1076.0
2453800.89764 16.627 0.010 4.91 921.0
2453801.87983 16.614 0.010 4.71 962.0
2453802.84534 16.598 0.009 3.98 968.0
2453803.88067 16.590 0.008 3.59 988.0
2453805.79667 16.584 0.010 5.10 1001.0
2453806.81680 16.619 0.010 4.69 966.0
2453807.83050 16.592 0.011 5.06 1148.0
2453808.79019 16.594 0.010 4.55 1190.0
2453809.79303 16.623 0.009 4.04 1219.0
2453810.83758 16.605 0.009 4.04 1131.0
2453811.83356 16.584 0.010 4.57 962.0
2453812.82534 16.600 0.011 5.14 1099.0
2453813.80399 16.613 0.009 4.11 1018.0
2453814.81821 16.635 0.009 3.72 1077.0
2453817.84961 16.623 0.011 4.55 1478.0
2453818.88043 16.604 0.008 3.86 937.0
2453819.79600 16.603 0.008 3.41 793.0
2453820.76631 16.610 0.008 3.98 843.0
2453821.76940 16.608 0.009 4.16 827.0
2453822.80884 16.624 0.010 4.87 893.0
2453823.76497 16.623 0.009 4.18 816.0
2453824.78242 16.651 0.011 5.39 930.0
2453825.79985 16.599 0.010 4.94 831.0
2453826.78250 16.619 0.009 4.88 818.0
2453827.79570 16.626 0.009 4.59 737.0
2453828.76927 16.575 0.012 6.64 913.0
2453829.80460 16.630 0.008 3.95 801.0
2453830.72628 16.614 0.009 4.43 961.0
2453831.88952 16.617 0.009 3.95 919.0
2453832.74785 16.626 0.009 4.05 804.0
2453833.75557 16.604 0.008 4.28 776.0
2453834.73454 16.617 0.010 4.93 965.0
2453835.73032 16.625 0.011 5.10 987.0
2453835.78453 16.636 0.009 4.08 868.0
2453835.91635 16.631 0.009 4.11 860.0
2453836.75867 16.623 0.013 5.97 1077.0
2453837.72523 16.620 0.010 4.82 1080.0
2453837.89805 16.626 0.008 3.38 981.0
2453838.73269 16.568 0.012 5.53 1146.0
2453839.73401 16.600 0.012 5.80 1200.0
2453840.76021 16.626 0.009 3.89 1107.0
2453840.90480 16.604 0.009 4.01 1071.0
2453841.71545 16.607 0.010 4.84 1171.0
2453842.84027 16.614 0.009 3.63 1156.0
2453845.71374 16.609 0.016 4.54 3282.0
2453845.90163 16.648 0.016 4.93 2405.0
2453846.72466 16.616 0.009 3.92 859.0
2453847.79097 16.610 0.012 6.33 933.0
2453848.74587 16.583 0.010 5.45 796.0
2453849.74505 16.621 0.009 3.88 889.0
2453850.68884 16.613 0.009 4.44 907.0
2453850.86080 16.607 0.009 4.40 922.0
2453850.93227 16.623 0.013 5.20 1609.0
2453851.70404 16.616 0.011 5.94 857.0
2453851.86729 16.592 0.010 4.75 886.0
2453852.69276 16.627 0.010 4.87 878.0
2453852.92129 16.629 0.010 4.83 895.0
2453853.68102 16.614 0.009 4.74 824.0
2453853.84866 16.596 0.008 3.56 757.0
2453853.92020 16.621 0.008 3.44 824.0
2453854.69765 16.606 0.009 4.64 825.0
2453856.67106 16.611 0.009 4.35 1015.0
2453856.83736 16.605 0.009 4.13 948.0
2453857.90895 16.627 0.009 4.12 920.0
2453858.72755 16.616 0.010 5.21 751.0
2453859.79013 16.635 0.009 4.31 783.0
2453860.80632 16.592 0.012 6.25 894.0
2453861.65992 16.608 0.010 4.80 1004.0
2453861.76692 16.609 0.008 3.95 822.0
2453862.66495 16.589 0.010 4.93 1014.0
2453862.85531 16.619 0.008 3.68 932.0
2453862.92899 16.597 0.010 4.39 1110.0
2453863.68113 16.626 0.010 4.79 947.0
2453863.90090 16.636 0.008 3.36 842.0
2453864.67097 16.596 0.010 4.57 974.0
2453864.86109 16.617 0.008 3.50 792.0
2453865.72861 16.609 0.009 3.93 971.0
2453865.87215 16.657 0.009 4.06 834.0
2453866.68026 16.600 0.009 4.05 959.0
2453866.81978 16.616 0.009 4.12 888.0
2453866.89795 16.588 0.009 3.86 956.0
2453867.69504 16.629 0.009 3.57 1165.0
2453867.88173 16.615 0.009 3.67 1153.0
2453868.70297 16.620 0.010 3.79 1385.0
2453868.84707 16.618 0.011 4.39 1253.0
2453868.93516 16.619 0.013 4.32 1710.0
2453869.68169 16.622 0.009 3.51 1389.0
2453869.86300 16.612 0.011 4.03 1470.0
2453872.88291 16.612 0.009 3.74 1073.0
2453873.68694 16.619 0.009 3.90 911.0
2453873.82908 16.614 0.009 4.32 935.0
2453873.90021 16.607 0.009 3.67 948.0
2453874.73787 16.551 0.010 5.58 842.0
2453874.91272 16.588 0.009 4.17 936.0
2453875.70660 16.608 0.008 3.54 819.0
2453875.85344 16.635 0.008 3.68 827.0
2453876.62562 16.608 0.008 3.90 773.0
2453877.70251 16.633 0.008 3.41 731.0
2453877.85223 16.615 0.008 3.83 835.0
2453877.92531 16.604 0.011 4.84 1044.0
2453879.65853 16.615 0.008 4.12 682.0
2453880.82776 16.632 0.010 4.94 875.0
2453880.90683 16.595 0.009 4.66 930.0
2453881.65330 16.616 0.009 4.43 914.0
2453881.86875 16.634 0.008 3.64 901.0
2453881.91539 16.618 0.008 3.39 998.0
2453882.63821 16.597 0.008 3.67 825.0
2453882.79174 16.616 0.009 4.70 856.0
2453882.86562 16.600 0.008 3.43 866.0
2453882.93425 16.631 0.009 4.17 886.0
2453883.62577 16.635 0.010 4.95 945.0
2453883.82287 16.593 0.009 4.81 806.0
2453886.58789 16.594 0.010 5.69 954.0
2453886.78639 16.617 0.009 4.16 791.0
2453886.86159 16.604 0.009 4.81 805.0
2453887.63889 16.627 0.008 4.30 754.0
2453887.76587 16.625 0.008 4.22 752.0
2453887.86944 16.600 0.009 4.44 851.0
2453887.94145 16.592 0.011 5.14 1136.0
2453889.65290 16.601 0.009 4.42 747.0
2453889.92772 16.616 0.010 4.52 1024.0
2453890.71918 16.631 0.007 3.29 822.0
2453891.66226 16.619 0.009 4.18 833.0
2453891.78395 16.585 0.012 6.10 878.0
2453891.86627 16.592 0.010 4.90 874.0
2453892.72893 16.620 0.009 4.38 808.0
2453892.92064 16.590 0.010 4.88 909.0
2453893.60259 16.611 0.010 5.30 983.0
2453894.65709 16.640 0.012 6.18 825.0
2453894.66667 16.610 0.011 5.44 798.0
2453894.87243 16.637 0.011 5.78 757.0
2453896.59313 16.605 0.014 6.59 1278.0
2453900.52096 16.667 0.013 5.93 1342.0
2453900.71130 16.607 0.010 3.88 1866.0
2453900.79063 16.620 0.009 3.73 1145.0
2453900.85920 16.604 0.009 3.83 1276.0
2453901.53572 16.605 0.010 5.26 939.0
2453901.71200 16.611 0.009 3.96 913.0
2453901.78977 16.592 0.009 4.19 1006.0
2453901.86285 16.601 0.010 4.57 1067.0
2453902.55128 16.594 0.009 4.92 895.0
2453902.73433 16.606 0.009 4.30 916.0
2453902.85186 16.627 0.011 4.88 1085.0
2453903.64316 16.604 0.009 4.75 853.0
2453903.89168 16.601 0.011 5.27 1053.0
2453904.54671 16.632 0.009 4.32 924.0
2453904.70913 16.625 0.008 3.59 901.0
2453904.77855 16.628 0.008 3.83 815.0
2453904.85133 16.609 0.009 4.00 964.0
2453905.54351 16.619 0.009 4.36 940.0
2453905.71985 16.602 0.007 3.40 852.0
2453905.79014 16.614 0.008 3.42 852.0
2453905.85873 16.616 0.008 3.67 949.0
2453906.55485 16.599 0.010 4.44 1011.0
2453906.74420 16.602 0.009 4.19 832.0
2453906.81743 16.609 0.009 4.22 883.0
2453907.58567 16.605 0.010 4.88 836.0
2453907.77098 16.563 0.010 5.34 869.0
2453907.85548 16.585 0.013 6.28 1043.0
2453908.52364 16.595 0.010 4.33 1129.0
2453908.71045 16.601 0.009 4.00 878.0
2453908.78736 16.632 0.009 4.08 837.0
2453908.87016 16.596 0.010 4.92 962.0
2453909.52336 16.600 0.011 5.16 1132.0
2453909.70617 16.628 0.008 3.49 708.0
2453909.79652 16.629 0.008 3.74 744.0
2453909.87608 16.592 0.010 4.76 981.0
2453910.54376 16.580 0.011 5.29 1031.0
2453912.51820 16.629 0.009 3.91 941.0
2453912.70989 16.614 0.007 3.57 706.0
2453912.80093 16.605 0.008 3.64 720.0
2453912.88876 16.592 0.009 4.97 874.0
2453913.51109 16.611 0.008 3.55 844.0
2453913.71296 16.601 0.010 4.95 834.0
2453913.80849 16.623 0.008 3.41 844.0
2453914.53714 16.604 0.011 5.49 921.0
2453914.76868 16.595 0.008 4.39 798.0
2453914.78226 16.595 0.008 4.16 776.0
2453915.51284 16.598 0.010 4.86 997.0
2453915.71785 16.635 0.009 4.50 759.0
2453915.80904 16.609 0.008 4.11 758.0
2453916.55762 16.618 0.011 5.69 883.0
2453917.53569 16.615 0.011 6.15 874.0
2453917.80856 16.609 0.011 5.67 891.0
2453918.56609 16.596 0.010 4.90 916.0
2453918.80326 16.609 0.010 4.82 896.0
2453919.53030 16.528 0.010 5.16 1155.0
2453919.74315 16.620 0.008 4.09 769.0
2453920.50049 16.597 0.012 5.90 976.0
2453920.69709 16.607 0.011 5.44 827.0
2453920.77901 16.611 0.008 3.47 791.0
2453921.50039 16.611 0.011 4.58 1085.0
2453921.69957 16.565 0.012 6.17 912.0
2453921.80231 16.521 0.012 6.16 906.0
2453922.69767 16.581 0.012 6.36 835.0
2453930.51810 16.613 0.010 4.74 883.0
2453930.77470 16.577 0.013 6.62 1021.0
2453931.48545 16.610 0.011 4.96 1072.0
2453932.51697 16.612 0.010 4.81 997.0
2453932.79230 16.577 0.011 5.43 959.0
2453933.49804 16.629 0.009 4.05 987.0
2453933.68780 16.642 0.008 3.70 708.0
2453933.76341 16.620 0.008 3.81 851.0
2453934.48080 16.623 0.009 4.29 968.0
2453934.69756 16.616 0.009 4.27 753.0
2453934.76668 16.603 0.009 4.12 812.0
2453935.53071 16.605 0.009 4.48 876.0
2453935.70197 16.594 0.010 5.42 767.0
2453935.77061 16.604 0.010 5.25 784.0
2453936.48406 16.569 0.011 5.35 988.0
2453936.64941 16.607 0.008 3.66 812.0
2453936.72594 16.625 0.010 3.93 903.0
2453937.49037 16.612 0.013 5.48 1213.0
2453937.77043 16.571 0.012 7.26 856.0
2453938.48878 16.603 0.011 4.96 1047.0
2453938.68267 16.574 0.009 5.54 617.0
2453938.76553 16.593 0.010 5.21 765.0
2453939.55615 16.608 0.009 4.78 753.0
2453940.67445 16.626 0.008 3.62 696.0
2453944.52914 16.617 0.008 4.82 820.0
2453945.50201 16.596 0.010 4.92 904.0
2453945.70449 16.612 0.009 4.66 789.0
2453945.76035 16.602 0.010 5.37 823.0
2453946.50334 16.638 0.010 5.33 889.0
2453946.69265 16.613 0.010 5.37 746.0
2453946.77407 16.588 0.010 6.14 709.0
2453950.50913 16.608 0.009 4.53 783.0
2453950.72278 16.616 0.009 4.55 745.0
2453951.50382 16.604 0.011 4.99 906.0
2453951.73629 16.600 0.011 5.21 1003.0
2453955.67793 16.551 0.017 6.53 2154.0
2453956.55756 16.615 0.014 6.46 1140.0
2453957.49698 16.620 0.011 5.12 1146.0
2453958.56768 16.628 0.010 4.40 887.0
2453959.49351 16.602 0.011 5.58 894.0
2453959.67489 16.608 0.010 4.70 901.0
2453960.48980 16.624 0.009 4.18 849.0
2453960.66886 16.629 0.008 3.56 831.0
2453960.74089 16.602 0.010 5.00 1064.0
2453961.56116 16.587 0.011 5.64 931.0
2453963.52246 16.602 0.009 4.71 809.0
2453963.69979 16.582 0.009 4.87 758.0
2453964.51450 16.600 0.008 3.88 830.0
2453964.71939 16.559 0.009 5.22 755.0
2453965.49583 16.598 0.008 3.85 791.0
2453965.69017 16.618 0.008 4.34 738.0
2453966.52577 16.601 0.009 3.80 851.0
2453966.67885 16.594 0.009 4.77 775.0
2453967.50729 16.566 0.011 6.00 853.0
2453967.70420 16.602 0.010 5.54 715.0
2453968.48758 16.602 0.010 4.34 996.0
2453968.65954 16.591 0.009 4.44 774.0
2453968.72864 16.577 0.011 5.95 858.0
2453969.51616 16.588 0.010 5.20 796.0
2453969.67007 16.602 0.010 5.26 761.0
2453970.49681 16.594 0.011 5.84 828.0
2453970.67765 16.601 0.009 4.76 752.0
2453971.53652 16.555 0.011 5.94 788.0
2453971.71091 16.582 0.011 6.28 747.0
2453973.56206 16.556 0.011 6.26 736.0
2453974.49660 16.611 0.010 4.99 846.0
2453974.67555 16.598 0.011 6.14 770.0
2453975.49924 16.612 0.010 5.46 799.0
2453975.67453 16.613 0.010 5.63 817.0
2453976.49592 16.627 0.008 3.82 795.0
2453976.67320 16.616 0.011 5.98 912.0
2453979.49903 16.546 0.011 5.95 858.0
2453982.55799 16.584 0.010 4.61 1054.0
2453982.61980 16.610 0.010 4.86 1069.0
2453982.67523 16.598 0.013 5.89 1326.0
2453983.47648 16.577 0.013 6.03 1115.0
2453983.51375 16.592 0.015 5.31 2053.0
2453986.56878 16.582 0.012 6.27 992.0
2453987.49670 16.559 0.010 5.25 835.0
2453988.49953 16.603 0.009 4.47 756.0
2453990.63070 16.606 0.011 6.21 845.0
2453995.55738 16.598 0.008 4.12 768.0
2453999.57817 16.581 0.010 4.99 820.0
2454001.50837 16.626 0.011 5.35 963.0
2454003.52872 16.613 0.008 4.07 850.0
2454004.51487 16.601 0.009 4.09 869.0
2454006.51074 16.632 0.010 4.78 884.0
2454011.60749 16.597 0.013 6.76 1137.0
2454012.55881 16.605 0.011 5.46 1033.0
2454016.50630 16.587 0.011 5.10 991.0
2454018.53150 16.652 0.012 5.44 939.0
2454020.52938 16.546 0.011 5.66 941.0
2454023.52973 16.601 0.011 4.80 1184.0
2454025.54914 16.647 0.011 4.95 1032.0
2454027.55407 16.635 0.012 5.70 1036.0
2454030.54583 16.589 0.011 5.83 855.0
2454036.52709 16.578 0.013 5.65 1452.0
2454040.50826 16.628 0.014 5.86 1251.0
2454043.49773 16.611 0.017 5.51 2657.0
2454141.86827 16.653 0.012 4.50 1245.0
2454149.88512 16.633 0.012 5.24 1139.0
2454153.87143 16.624 0.011 4.98 1042.0
2454156.84993 16.612 0.012 5.43 1083.0
2454158.86939 16.619 0.011 4.52 1114.0
2454161.83733 16.635 0.011 4.88 1189.0
2454163.82019 16.658 0.014 4.88 1679.0
2454164.82587 16.615 0.011 4.25 1360.0
2454165.90624 16.627 0.015 5.28 1938.0
2454167.91365 16.631 0.015 4.65 2679.0
2454170.78719 16.643 0.020 4.88 4404.0
2454175.78114 16.626 0.012 5.14 1092.0
2454176.88970 16.621 0.011 4.35 1056.0
2454178.78197 16.629 0.011 4.79 977.0
2454179.84081 16.638 0.010 3.90 1053.0
2454181.77714 16.606 0.011 5.18 988.0
2454182.82203 16.627 0.010 4.33 916.0
2454183.85817 16.610 0.011 4.99 1013.0
2454184.89863 16.650 0.009 4.10 887.0
2454185.87455 16.641 0.011 4.59 949.0
2454189.90910 16.617 0.014 6.43 1063.0
2454191.86425 16.615 0.013 5.88 1153.0
2454192.77948 16.580 0.013 5.76 1252.0
2454194.77892 16.643 0.011 4.71 1161.0
2454196.76917 16.619 0.013 5.43 1272.0
2454202.75060 16.609 0.010 4.28 1132.0
2454203.73879 16.641 0.009 3.92 914.0
2454203.92316 16.619 0.010 3.67 1396.0
2454204.72709 16.641 0.011 5.10 1080.0
2454205.72752 16.630 0.012 5.78 914.0
2454207.71697 16.635 0.011 5.08 1065.0
2454207.89219 16.609 0.009 3.59 984.0
2454208.73913 16.623 0.011 4.96 1007.0
2454211.78327 16.586 0.012 5.69 995.0
2454212.91922 16.635 0.012 4.92 967.0
2454213.74580 16.632 0.011 4.84 916.0
2454215.73570 16.641 0.012 5.25 976.0
2454216.69310 16.619 0.012 5.22 1069.0
2454216.88594 16.655 0.006 4.63 322.0
2454217.69869 16.624 0.010 4.20 1071.0
2454218.72288 16.645 0.013 5.75 1045.0
2454219.74434 16.625 0.012 5.45 1007.0
2454220.68680 16.603 0.012 5.59 1165.0
2454221.72992 16.601 0.012 5.19 1307.0
2454222.90440 16.612 0.010 3.68 1323.0
2454223.73285 16.644 0.013 4.25 2265.0
2454224.77640 16.603 0.012 4.44 1480.0
2454228.67058 16.632 0.012 5.10 1274.0
2454228.90239 16.614 0.013 5.20 1482.0
2454229.66545 16.609 0.013 6.16 1133.0
2454229.86245 16.602 0.010 4.07 1160.0
2454229.92412 16.611 0.011 4.29 1167.0
2454230.67527 16.650 0.010 4.25 969.0
2454230.86323 16.615 0.011 4.72 1076.0
2454230.92496 16.592 0.014 5.78 1276.0
2454231.65960 16.609 0.011 5.57 1081.0
2454231.83519 16.633 0.010 4.04 1108.0
2454231.92798 16.613 0.012 4.70 1251.0
2454232.74240 16.615 0.011 4.88 1196.0
2454232.90946 16.624 0.012 5.14 1151.0
2454233.79148 16.611 0.012 5.44 1134.0
2454234.70247 16.607 0.012 5.62 1099.0
2454235.88469 16.611 0.010 4.15 1064.0
2454237.68573 16.615 0.010 5.30 954.0
2454238.72337 16.631 0.010 4.03 982.0
2454238.86932 16.614 0.011 4.56 1247.0
2454238.93106 16.676 0.014 6.04 1284.0
2454239.61384 16.628 0.011 5.03 1093.0
2454240.67085 16.621 0.010 4.27 954.0
2454240.80522 16.638 0.011 4.62 1047.0
2454240.93640 16.600 0.011 4.68 1342.0
2454243.63340 16.633 0.012 5.47 1130.0
2454243.72965 16.631 0.011 4.80 990.0
2454243.82324 16.620 0.011 4.81 1032.0
2454243.94089 16.644 0.014 5.32 1592.0
2454244.60921 16.644 0.013 5.81 1219.0
2454244.70527 16.624 0.010 4.44 1050.0
2454244.79835 16.619 0.010 4.09 1094.0
2454245.60188 16.599 0.010 5.93 689.0
2454245.69560 16.625 0.010 4.18 888.0
2454245.79204 16.625 0.009 3.88 898.0
2454246.66066 16.643 0.011 4.93 995.0
2454246.75363 16.628 0.012 5.33 1025.0
2454246.84687 16.612 0.011 4.39 1125.0
2454247.67585 16.620 0.011 4.63 1105.0
2454247.81378 16.637 0.010 3.79 1042.0
2454250.72396 16.631 0.011 4.15 1282.0
2454251.79550 16.598 0.015 5.18 1919.0
2454256.61077 16.611 0.013 5.73 1298.0
2454256.75759 16.594 0.015 6.67 1284.0
2454256.85543 16.593 0.015 6.31 1387.0
2454257.64267 16.614 0.014 6.23 1176.0
2454258.62592 16.630 0.013 6.18 1048.0
2454258.74919 16.627 0.011 4.38 1030.0
2454258.84388 16.604 0.012 4.89 1153.0
2454267.58596 16.595 0.014 6.59 1117.0
2454268.77338 16.649 0.011 4.71 953.0
2454268.89373 16.646 0.012 4.84 1233.0
2454269.56830 16.624 0.012 5.11 1127.0
2454269.68933 16.617 0.010 4.38 867.0
2454269.78010 16.608 0.010 4.30 894.0
2454270.56385 16.632 0.011 5.18 1147.0
2454272.63224 16.641 0.010 4.73 991.0
2454272.78136 16.644 0.010 4.03 1033.0
2454272.85284 16.635 0.012 5.12 1286.0
2454273.60925 16.602 0.014 6.40 1091.0
2454273.79007 16.626 0.012 4.80 1268.0
2454273.84988 16.620 0.012 4.71 1358.0
2454274.60172 16.632 0.014 5.63 1306.0
2454274.75623 16.622 0.010 4.12 1078.0
2454274.81538 16.613 0.012 4.87 1211.0
2454275.59444 16.592 0.010 4.26 1091.0
2454275.76985 16.610 0.012 4.72 1206.0
2454275.82831 16.610 0.013 5.42 1354.0
2454275.88951 16.584 0.016 7.17 1495.0
2454276.57922 16.602 0.012 5.18 1131.0
2454277.52306 16.620 0.014 5.39 1571.0
2454277.69870 16.619 0.011 4.27 1110.0
2454277.75871 16.597 0.012 5.06 1080.0
2454277.81731 16.583 0.014 6.14 1314.0
2454278.56007 16.596 0.015 6.38 1451.0
2454278.74405 16.590 0.013 5.62 1211.0
2454278.81707 16.592 0.015 6.43 1483.0
2454283.50253 16.632 0.013 4.45 1685.0
2454283.72270 16.585 0.015 4.62 2347.0
2454284.49756 16.639 0.013 5.06 1331.0
2454284.72804 16.635 0.010 3.62 1234.0
2454284.79024 16.599 0.012 4.47 1439.0
2454284.85531 16.614 0.014 4.82 1878.0
2454285.49600 16.607 0.012 4.29 1497.0
2454285.68811 16.602 0.012 5.25 1206.0
2454285.75491 16.624 0.011 4.70 1037.0
2454285.82038 16.627 0.012 4.58 1237.0
2454286.50029 16.616 0.013 5.05 1410.0
2454286.79721 16.609 0.012 4.66 1876.0
2454289.50502 16.606 0.013 5.97 1184.0
2454289.72340 16.631 0.012 4.97 1082.0
2454289.78846 16.624 0.011 4.55 1078.0
2454290.55447 16.627 0.012 5.34 965.0
2454291.65686 16.628 0.011 5.24 933.0
2454291.77926 16.609 0.013 6.20 967.0
2454292.48257 16.618 0.010 4.31 1187.0
2454292.66068 16.644 0.011 4.58 959.0
2454292.72031 16.625 0.010 3.84 950.0
2454292.77903 16.628 0.010 4.25 1037.0
2454292.84304 16.608 0.012 5.48 1249.0
2454293.48295 16.625 0.011 4.53 1116.0
2454293.68883 16.592 0.010 4.33 949.0
2454293.74764 16.619 0.010 3.92 919.0
2454293.82523 16.623 0.011 5.26 978.0
2454294.48221 16.624 0.011 4.59 1208.0
2454295.48373 16.630 0.013 6.21 1077.0
2454295.68723 16.622 0.009 4.09 784.0
2454295.74595 16.629 0.009 4.20 780.0
2454295.82819 16.614 0.012 5.84 965.0
2454296.48501 16.616 0.012 5.09 1073.0
2454296.67347 16.628 0.010 4.63 831.0
2454296.78964 16.602 0.010 5.27 876.0
2454297.50582 16.623 0.012 5.69 1032.0
2454297.70671 16.618 0.009 3.98 776.0
2454297.81920 16.587 0.012 6.19 889.0
2454298.54052 16.591 0.013 6.47 921.0
2454298.64635 16.612 0.011 5.50 851.0
2454298.73984 16.606 0.011 4.98 894.0
2454299.52338 16.599 0.010 4.67 945.0
2454299.61672 16.619 0.009 4.02 838.0
2454299.70889 16.631 0.009 3.81 791.0
2454299.79909 16.592 0.013 6.94 940.0
2454300.51928 16.618 0.011 4.47 968.0
2454300.63868 16.616 0.010 4.52 806.0
2454300.73510 16.600 0.010 4.67 842.0
2454301.50929 16.617 0.011 4.66 1127.0
2454301.60158 16.621 0.009 3.96 962.0
2454301.70429 16.618 0.010 4.04 890.0
2454301.79678 16.619 0.010 4.41 899.0
2454302.58307 16.626 0.009 4.65 868.0
2454302.67695 16.608 0.011 5.41 892.0
2454303.66469 16.584 0.013 6.60 892.0
2454304.54307 16.606 0.013 5.47 1409.0
2454304.65246 16.595 0.014 5.89 1217.0
2454306.53280 16.598 0.014 6.16 1239.0
2454306.66787 16.628 0.012 5.40 1031.0
2454307.76842 16.632 0.011 4.60 1170.0
2454311.74390 16.591 0.015 5.97 1755.0
2454312.51368 16.606 0.014 5.51 1518.0
2454312.70886 16.631 0.010 4.16 1158.0
2454312.80646 16.586 0.013 5.77 1396.0
2454315.54785 16.615 0.011 4.60 1036.0
2454316.57670 16.628 0.010 4.34 867.0
2454317.49908 16.613 0.011 5.16 1015.0
2454319.50817 16.619 0.012 5.38 1053.0
2454319.76260 16.642 0.012 5.34 1054.0
2454320.53113 16.599 0.011 4.58 950.0
2454326.48669 16.610 0.012 5.32 981.0
2454327.58038 16.560 0.013 6.53 1002.0
2454328.50741 16.596 0.012 4.77 1216.0
2454328.68441 16.621 0.012 4.80 1021.0
2454329.51756 16.586 0.011 4.50 1010.0
2454329.66543 16.611 0.012 5.08 967.0
2454329.72418 16.569 0.013 6.19 1065.0
2454330.53016 16.640 0.011 4.50 936.0
2454330.68109 16.622 0.010 4.26 927.0
2454331.51034 16.639 0.011 4.59 976.0
2454331.67690 16.602 0.012 6.09 922.0
2454332.48810 16.631 0.010 4.17 1004.0
2454333.51917 16.631 0.012 4.69 1122.0
2454333.68025 16.586 0.011 4.98 1020.0
2454334.49238 16.543 0.022 6.88 2807.0
2454334.59007 16.611 0.016 4.18 3390.0
2454338.49253 16.624 0.013 4.46 1571.0
2454339.51198 16.619 0.011 3.85 1403.0
2454339.68321 16.585 0.016 6.90 1431.0
2454340.58065 16.608 0.013 5.14 1334.0
2454341.49294 16.623 0.013 5.26 1276.0
2454342.52222 16.603 0.012 5.01 1079.0
2454343.49824 16.625 0.009 3.58 1070.0
2454343.69807 16.632 0.012 5.33 1222.0
2454344.52896 16.617 0.014 6.20 1175.0
2454345.49436 16.625 0.009 3.70 1027.0
2454346.50297 16.592 0.011 4.97 1121.0
2454347.52193 16.602 0.012 5.61 1001.0
2454348.63329 16.634 0.011 5.09 1007.0
2454350.51753 16.626 0.010 4.02 1068.0
2454351.49278 16.609 0.010 4.32 1005.0
2454352.54028 16.591 0.013 5.83 1059.0
2454353.50019 16.646 0.011 4.12 1103.0
2454354.52878 16.634 0.011 4.37 1069.0
2454355.53037 16.602 0.011 4.71 1097.0
2454356.49679 16.631 0.010 4.22 991.0
2454357.58009 16.631 0.013 5.96 1049.0
2454358.53734 16.636 0.012 5.06 1050.0
2454359.50612 16.629 0.012 4.87 1055.0
2454361.55913 16.576 0.013 5.84 1196.0
2454362.49452 16.627 0.015 4.21 2622.0
2454365.55150 16.614 0.014 5.57 1365.0
2454367.52788 16.625 0.011 3.99 1318.0
2454368.56339 16.586 0.014 5.80 1299.0
2454369.57652 16.578 0.016 6.85 1507.0
2454370.55035 16.627 0.010 3.59 1304.0
2454371.52378 16.624 0.010 3.81 1169.0
2454372.50829 16.610 0.009 3.58 988.0
2454373.57377 16.610 0.011 3.79 1156.0
2454375.56472 16.621 0.015 6.27 1284.0
2454377.59794 16.611 0.013 5.94 1163.0
2454378.50799 16.614 0.011 4.47 976.0
2454379.52339 16.591 0.013 5.76 1127.0
2454380.53487 16.611 0.011 4.38 1053.0
2454381.51283 16.578 0.015 6.26 1284.0
2454382.60136 16.621 0.012 5.20 1225.0
2454383.52632 16.593 0.013 5.37 1196.0
2454384.58336 16.551 0.013 6.11 1089.0
2454387.56174 16.618 0.011 4.36 1142.0
2454393.52066 16.633 0.011 4.12 1294.0
2454394.57804 16.618 0.013 4.77 1556.0
2454395.54943 16.608 0.013 4.58 1381.0
2454396.56197 16.603 0.014 4.71 1761.0
2454397.52084 16.606 0.012 4.27 1559.0
2454398.52850 16.621 0.013 4.86 1536.0
2454399.56402 16.613 0.013 4.75 1777.0
2454400.52342 16.608 0.015 5.66 1711.0
2454402.53803 16.507 0.015 6.63 1357.0
2454403.53903 16.579 0.014 5.79 1373.0
2454506.88978 16.144 0.012 6.02 2359.0
2454511.84125 15.815 0.005 4.62 990.0
2454513.85083 15.623 0.005 4.74 1097.0
2454517.84488 15.018 0.004 5.26 1508.0
2454519.83080 14.625 0.003 5.87 1279.0
2454522.86392 14.696 0.003 6.30 1210.0
2454524.84332 15.069 0.004 5.29 1218.0
2454530.80551 15.848 0.005 3.79 1046.0
2454533.83923 16.072 0.007 5.76 975.0
2454535.88925 16.178 0.008 5.28 954.0
2454537.78886 16.250 0.009 6.21 943.0
2454538.88280 16.266 0.008 4.99 969.0
2454539.84402 16.320 0.008 4.66 902.0
2454540.85391 16.329 0.008 4.26 979.0
2454541.78296 16.372 0.008 4.92 912.0
2454542.77748 16.387 0.010 5.84 1040.0
2454543.77312 16.427 0.010 5.44 1051.0
2454544.76997 16.445 0.010 4.78 1186.0
2454545.75670 16.406 0.010 5.35 1276.0
2454546.76328 16.443 0.010 4.60 1270.0
2454547.77745 16.469 0.010 4.65 1295.0
2454548.83037 16.505 0.010 5.14 1172.0
2454550.80261 16.499 0.011 5.57 1101.0
2454551.74895 16.530 0.010 4.49 1242.0
2454552.79257 16.523 0.013 4.57 2581.0
2454556.74524 16.555 0.010 5.28 887.0
2454557.76284 16.544 0.010 5.01 868.0
2454558.78304 16.570 0.009 4.18 844.0
2454559.73590 16.578 0.010 5.20 787.0
2454559.92479 16.563 0.014 4.43 2740.0
2454560.73825 16.562 0.010 5.71 790.0
2454561.72869 16.579 0.009 4.20 908.0
2454561.91476 16.531 0.008 3.88 962.0
2454564.71892 16.577 0.010 5.34 832.0
2454564.91916 16.550 0.010 5.35 945.0
2454565.71707 16.589 0.008 4.09 838.0
2454565.90763 16.601 0.008 3.55 870.0
2454566.71637 16.591 0.009 4.33 840.0
2454566.91290 16.611 0.009 4.08 898.0
2454567.70857 16.587 0.010 4.90 966.0
2454567.91526 16.569 0.009 4.37 988.0
2454568.71409 16.577 0.010 4.94 900.0
2454569.72378 16.596 0.010 4.96 879.0
2454570.71508 16.591 0.012 6.07 983.0
2454571.90106 16.600 0.009 4.39 897.0
2454572.74000 16.588 0.011 5.62 987.0
2454573.72844 16.575 0.011 5.42 1080.0
2454574.73088 16.583 0.011 5.29 1134.0
2454575.73630 16.587 0.010 4.30 1170.0
2454576.74400 16.612 0.010 4.20 1266.0
2454577.82817 16.609 0.010 4.33 1105.0
2454578.77931 16.606 0.013 5.81 1176.0
2454579.85599 16.604 0.010 4.35 1221.0
2454583.72294 16.592 0.012 5.43 1303.0
2454583.90807 16.648 0.010 4.61 951.0
2454585.74346 16.618 0.012 5.57 988.0
2454586.75133 16.596 0.010 5.28 927.0
2454587.75958 16.618 0.011 5.70 948.0
2454587.91801 16.589 0.012 6.10 1033.0
2454588.72476 16.612 0.011 5.42 925.0
2454589.70709 16.591 0.010 4.69 964.0
2454589.86237 16.592 0.012 5.51 946.0
2454589.92440 16.607 0.011 4.68 1019.0
2454590.68448 16.613 0.011 5.08 1013.0
2454590.69337 16.589 0.012 5.48 1056.0
2454590.70483 16.606 0.010 4.24 982.0
2454590.71599 16.611 0.010 4.31 980.0
2454590.73878 16.586 0.011 5.12 940.0
2454590.77236 16.591 0.010 4.54 968.0
2454590.80681 16.619 0.010 4.59 935.0
2454590.85572 16.611 0.010 4.47 959.0
2454590.89010 16.611 0.010 4.43 1031.0
2454590.93237 16.605 0.011 4.34 1339.0
2454591.64008 16.621 0.012 5.53 1169.0
2454591.69627 16.641 0.011 5.03 1085.0
2454591.78551 16.623 0.010 4.20 976.0
2454591.86829 16.616 0.011 5.31 1048.0
2454591.93043 16.607 0.011 4.33 1366.0
2454592.65476 16.605 0.010 4.31 1238.0
2454592.84396 16.568 0.012 5.45 1303.0
2454592.90727 16.620 0.010 3.89 1309.0
2454593.64405 16.627 0.011 4.67 1065.0
2454593.85363 16.621 0.010 4.81 1072.0
2454593.91562 16.632 0.010 4.18 1135.0
2454594.66505 16.588 0.012 5.92 999.0
2454594.85983 16.618 0.010 5.03 1019.0
2454594.92561 16.591 0.010 4.95 984.0
2454595.65053 16.610 0.011 5.36 980.0
2454595.84872 16.588 0.010 5.01 900.0
2454595.91085 16.622 0.011 5.33 933.0
2454596.64385 16.614 0.011 5.52 988.0
2454596.92356 16.611 0.010 4.84 979.0
2454597.67434 16.609 0.010 5.17 880.0
2454597.86566 16.631 0.010 4.80 993.0
2454597.93677 16.584 0.013 5.71 1429.0
2454598.64410 16.614 0.009 4.27 814.0
2454598.88894 16.613 0.010 4.23 940.0
2454599.62295 16.555 0.012 5.70 1105.0
2454599.82696 16.595 0.008 3.97 871.0
2454600.63215 16.638 0.010 4.73 888.0
2454600.93873 16.604 0.011 3.80 1925.0
2454601.63775 16.622 0.010 4.31 1063.0
2454601.85401 16.609 0.009 4.12 829.0
2454601.91595 16.612 0.010 5.75 875.0
2454602.62515 16.637 0.010 4.53 1027.0
2454602.83974 16.605 0.009 4.19 994.0
2454603.75777 16.611 0.010 4.19 944.0
2454606.62552 16.645 0.013 5.52 1521.0
2454610.72725 16.638 0.010 3.77 1173.0
2454610.93470 16.634 0.012 4.35 1502.0
2454611.61729 16.611 0.013 5.76 1172.0
2454611.85017 16.626 0.010 3.82 1215.0
2454612.63868 16.587 0.012 5.32 1314.0
2454615.78037 16.644 0.011 4.98 982.0
2454616.58942 16.613 0.014 6.59 1074.0
2454616.80588 16.621 0.010 4.93 880.0
2454616.87569 16.613 0.011 4.87 1039.0
2454617.65292 16.609 0.010 4.57 916.0
2454618.60092 16.630 0.012 5.73 993.0
2454621.70157 16.624 0.009 4.72 781.0
2454621.82349 16.607 0.007 3.92 836.0
2454621.84228 16.630 0.009 4.44 918.0
2454621.89837 16.605 0.010 5.05 1067.0
2454622.56277 16.622 0.013 6.05 1128.0
2454622.63673 16.580 0.011 4.91 991.0
2454622.69326 16.622 0.010 4.59 931.0
2454622.79955 16.639 0.011 5.31 1000.0
2454622.90089 16.603 0.012 5.27 1249.0
2454622.94298 16.620 0.013 5.39 1431.0
2454623.61432 16.595 0.013 6.75 933.0
2454623.85837 16.604 0.013 6.03 1194.0
2454623.92559 16.622 0.014 6.33 1278.0
2454624.57473 16.579 0.013 6.16 1151.0
2454624.79831 16.609 0.011 5.39 933.0
2454624.86491 16.637 0.011 4.72 963.0
2454624.93390 16.625 0.012 4.90 1248.0
2454625.59261 16.625 0.012 5.30 968.0
2454625.78074 16.609 0.012 6.03 1090.0
2454625.87466 16.600 0.012 5.55 1017.0
2454626.59104 16.615 0.011 5.68 905.0
2454626.84304 16.630 0.010 4.83 887.0
2454627.54796 16.641 0.011 4.84 1106.0
2454627.81852 16.626 0.009 3.96 799.0
2454627.90321 16.624 0.009 4.11 887.0
2454628.58127 16.613 0.011 5.09 982.0
2454628.74505 16.615 0.010 4.81 919.0
2454628.81066 16.614 0.011 4.98 910.0
2454628.87260 16.601 0.010 4.75 979.0
2454629.61626 16.609 0.009 4.01 880.0
2454629.81871 16.620 0.010 4.43 996.0
2454629.89647 16.627 0.010 4.59 1023.0
2454630.54796 16.616 0.012 5.26 1132.0
2454630.75800 16.619 0.010 4.79 1015.0
2454630.84118 16.601 0.010 4.36 981.0
2454630.90416 16.619 0.012 5.02 1098.0
2454631.55347 16.625 0.010 4.17 1144.0
2454631.76935 16.600 0.009 4.79 934.0
2454631.84707 16.605 0.009 3.98 1011.0
2454631.92206 16.621 0.012 4.99 1439.0
2454632.55665 16.610 0.011 4.77 1276.0
2454632.82748 16.622 0.010 4.11 1060.0
2454633.55687 16.597 0.010 4.41 1247.0
2454633.65871 16.596 0.012 5.27 1211.0
2454633.78032 16.631 0.011 3.80 1565.0
2454638.74238 16.615 0.011 4.86 1066.0
2454638.84003 16.612 0.012 4.86 1273.0
2454639.56371 16.633 0.012 4.98 1337.0
2454639.66119 16.648 0.010 3.90 1195.0
2454639.84059 16.631 0.015 5.75 1885.0
2454640.58113 16.625 0.009 3.87 976.0
2454640.71222 16.620 0.010 4.52 942.0
2454640.81933 16.625 0.012 5.73 1022.0
2454641.60399 16.613 0.010 4.57 894.0
2454641.75959 16.591 0.010 5.07 973.0
2454642.57972 16.626 0.010 4.69 954.0
2454642.74025 16.624 0.010 4.92 896.0
2454642.81818 16.621 0.011 4.96 1008.0
2454643.53987 16.610 0.011 5.31 1039.0
2454644.65235 16.624 0.011 5.44 897.0
2454644.83163 16.637 0.009 4.17 944.0
2454645.50654 16.618 0.012 4.88 1318.0
2454645.75718 16.613 0.012 5.77 1016.0
2454645.83308 16.623 0.011 5.09 1160.0
2454646.50838 16.657 0.012 4.81 1188.0
2454646.84046 16.632 0.011 4.27 1202.0
2454647.50288 16.645 0.012 4.36 1556.0
2454647.72771 16.613 0.012 5.25 1089.0
2454647.83447 16.614 0.012 5.28 1200.0
2454648.53130 16.615 0.011 4.39 1143.0
2454648.62075 16.601 0.010 4.33 1033.0
2454648.69709 16.616 0.011 5.06 974.0
2454648.84868 16.639 0.013 5.40 1197.0
2454649.51142 16.629 0.011 4.69 1178.0
2454649.72193 16.632 0.010 4.40 917.0
2454649.83650 16.595 0.011 5.21 1054.0
2454650.54293 16.632 0.011 4.90 1278.0
2454650.76037 16.623 0.010 4.33 876.0
2454650.84539 16.615 0.011 4.75 1122.0
2454651.50319 16.656 0.012 4.71 1355.0
2454651.79875 16.613 0.011 4.65 1063.0
2454652.49475 16.612 0.013 5.64 1356.0
2454652.69732 16.616 0.011 5.34 976.0
2454652.77888 16.615 0.010 4.85 935.0
2454652.83251 16.610 0.011 5.35 1077.0
2454653.49119 16.609 0.013 5.88 1295.0
2454653.71024 16.610 0.010 4.58 1006.0
2454653.77548 16.609 0.012 5.32 1068.0
2454654.52653 16.615 0.012 5.79 992.0
2454654.73818 16.612 0.010 5.09 927.0
2454654.80646 16.581 0.013 5.93 1238.0
2454655.49097 16.629 0.012 5.06 1348.0
2454655.71538 16.642 0.010 4.49 835.0
2454655.77731 16.607 0.010 4.71 972.0
2454656.49299 16.616 0.009 3.64 1026.0
2454656.68273 16.595 0.011 5.09 1130.0
2454656.79835 16.610 0.011 4.31 1346.0
2454657.56755 16.622 0.013 5.91 1079.0
2454658.65133 16.607 0.011 5.33 999.0
2454659.58541 16.558 0.012 6.22 1001.0
2454660.60348 16.625 0.011 4.81 1040.0
2454661.48109 16.625 0.012 4.97 1522.0
2454661.67864 16.614 0.011 4.71 1129.0
2454661.74321 16.630 0.011 4.18 1224.0
2454661.81034 16.631 0.012 4.80 1545.0
2454665.64834 16.615 0.013 4.60 1846.0
2454666.49258 16.596 0.013 5.41 1547.0
2454666.67726 16.592 0.011 4.94 1231.0
2454669.60266 16.595 0.014 6.17 1377.0
2454670.63868 16.614 0.012 5.94 938.0
2454671.56607 16.613 0.012 6.03 831.0
2454671.76664 16.603 0.012 5.89 985.0
2454672.49437 16.642 0.009 3.88 1038.0
2454672.75785 16.608 0.010 4.35 1098.0
2454672.79684 16.587 0.010 4.73 1041.0
2454674.52831 16.624 0.011 5.09 940.0
2454675.66917 16.659 0.011 4.89 1000.0
2454677.47945 16.612 0.010 4.58 1124.0
2454677.62584 16.613 0.012 6.14 900.0
2454677.70955 16.592 0.011 5.42 906.0
2454678.67984 16.638 0.010 4.96 854.0
2454679.57218 16.610 0.013 6.28 934.0
2454681.52083 16.639 0.010 4.99 881.0
2454681.62091 16.614 0.011 5.96 836.0
2454682.49186 16.607 0.010 4.15 1000.0
2454682.56778 16.603 0.010 4.54 975.0
2454682.74447 16.616 0.010 4.21 929.0
2454683.51015 16.618 0.014 6.30 1206.0
2454683.69728 16.587 0.011 5.61 885.0
2454684.50284 16.608 0.011 4.41 1153.0
2454684.75884 16.621 0.011 4.82 1010.0
2454685.53621 16.625 0.010 4.65 1040.0
2454686.49149 16.618 0.011 4.28 1077.0
2454687.51747 16.602 0.010 4.56 895.0
2454687.73083 16.611 0.011 5.04 1089.0
2454688.48810 16.629 0.013 5.49 1154.0
2454688.67809 16.604 0.010 4.35 885.0
2454688.73980 16.592 0.013 6.19 1066.0
2454693.53253 16.628 0.010 4.06 1210.0
2454694.53101 16.604 0.015 6.59 1181.0
2454697.49170 16.648 0.011 4.88 952.0
2454698.49705 16.644 0.012 5.70 890.0
2454699.49117 16.636 0.011 4.73 964.0
2454700.49949 16.625 0.010 4.08 962.0
2454701.49483 16.622 0.011 5.15 1044.0
2454702.49320 16.617 0.011 4.77 997.0
2454703.60113 16.595 0.011 5.87 911.0
2454704.60835 16.623 0.010 4.42 943.0
2454705.49708 16.620 0.010 4.47 968.0
2454707.59799 16.610 0.009 4.67 840.0
2454708.52985 16.610 0.011 5.53 953.0
2454709.50581 16.593 0.012 5.92 1050.0
2454710.53332 16.620 0.010 5.29 968.0
2454711.51537 16.579 0.012 6.01 956.0
2454715.57540 16.607 0.012 5.82 1020.0
2454716.56621 16.625 0.010 3.92 1389.0
2454720.51886 16.603 0.012 5.36 1272.0
2454721.51971 16.607 0.014 5.95 1290.0
2454722.63206 16.590 0.012 5.35 1298.0
2454724.49887 16.589 0.013 5.67 1209.0
2454725.57264 16.635 0.012 4.75 1332.0
2454726.53722 16.616 0.014 6.46 1099.0
2454728.58172 16.604 0.012 5.70 995.0
2454729.52227 16.594 0.013 6.54 944.0
2454730.60815 16.595 0.011 4.98 1001.0
2454731.54520 16.611 0.012 5.95 947.0
2454733.49677 16.620 0.011 4.81 959.0
2454734.54322 16.575 0.012 5.40 1008.0
2454737.53139 16.601 0.012 5.85 924.0
2454740.54350 16.616 0.012 5.55 967.0
2454741.59419 16.634 0.011 5.39 1003.0
2454743.52476 16.634 0.012 5.03 1016.0
2454750.59134 16.608 0.015 6.41 1504.0
2454756.54303 16.607 0.013 5.86 1218.0
2454765.50890 16.608 0.012 5.80 1127.0
2454867.88432 16.639 0.012 3.91 1990.0
2454872.85513 16.620 0.016 6.44 1591.0
2454873.86852 16.606 0.010 4.20 1290.0
2454876.85703 16.622 0.011 5.48 1090.0
2454884.84008 16.649 0.010 4.72 1154.0
