2452125.67797 16.109 0.010 5.80 1425.0
2452129.73066 16.113 0.007 4.01 997.0
2452132.67366 16.121 0.008 4.76 981.0
2452136.57709 16.113 0.009 5.95 922.0
2452141.59222 16.122 0.007 4.29 881.0
2452144.67555 16.134 0.007 4.72 840.0
2452160.63158 16.141 0.009 5.35 1129.0
2452170.57250 16.131 0.007 4.67 976.0
2452178.58328 16.111 0.014 6.98 2302.0
2452188.53240 16.132 0.012 7.71 1004.0
2452211.53652 16.124 0.011 6.47 1640.0
2452333.87310 16.146 0.008 4.49 1272.0
2452344.83443 16.126 0.008 4.39 1079.0
2452355.88525 16.128 0.007 4.33 914.0
2452364.87688 16.132 0.008 4.99 1131.0
2452372.88866 16.111 0.008 5.05 1031.0
2452384.82360 16.131 0.007 3.70 1000.0
2452388.82277 16.124 0.008 4.28 1014.0
2452390.86077 16.131 0.008 4.69 1277.0
2452393.85495 16.112 0.013 4.80 4267.0
2452400.80224 16.116 0.008 4.79 993.0
2452402.90893 16.121 0.008 4.57 1245.0
2452406.85173 16.117 0.008 5.09 1015.0
2452414.87438 16.118 0.008 5.05 971.0
2452416.88999 16.125 0.009 5.46 1169.0
2452424.74861 16.119 0.008 3.98 1943.0
2452428.73383 16.138 0.007 4.25 894.0
2452432.88536 16.105 0.011 6.45 1383.0
2452434.77338 16.123 0.008 4.11 1035.0
2452436.82132 16.109 0.008 4.34 1083.0
2452438.79499 16.125 0.007 4.11 975.0
2452441.75730 16.119 0.007 4.70 936.0
2452445.67417 16.116 0.007 4.10 884.0
2452448.69420 16.118 0.008 3.63 1497.0
2452454.79065 16.126 0.008 3.81 3447.0
2452459.68581 16.127 0.006 5.39 628.0
2452460.70387 16.123 0.009 5.62 949.0
2452463.58512 16.125 0.007 3.77 913.0
2452466.60490 16.120 0.007 4.46 835.0
2452468.73120 16.132 0.007 3.93 852.0
2452470.71494 16.128 0.007 4.13 818.0
2452472.74535 16.115 0.007 4.67 872.0
2452481.60173 16.116 0.010 6.27 1041.0
2452484.66504 16.126 0.009 5.35 895.0
2452486.75774 16.125 0.011 6.91 1151.0
2452490.74094 16.109 0.011 7.06 1021.0
2452493.68564 16.134 0.008 6.33 969.0
2452496.53168 16.111 0.007 3.79 878.0
2452498.55229 16.128 0.006 3.41 850.0
2452500.59574 16.116 0.007 3.56 990.0
2452502.60935 16.120 0.007 3.88 1010.0
2452508.70756 16.121 0.010 5.44 1519.0
2452512.65704 16.100 0.010 5.06 2648.0
2452517.55846 16.133 0.009 5.34 986.0
2452520.62593 16.115 0.007 4.40 885.0
2452529.49178 16.125 0.009 5.12 1241.0
2452538.54343 16.123 0.008 4.45 1210.0
2452542.57120 16.119 0.007 4.04 1094.0
2452548.49971 16.101 0.010 6.03 1113.0
2452552.53602 16.134 0.009 5.24 1179.0
2452557.50120 16.122 0.009 5.02 1074.0
2452564.52261 16.129 0.009 4.43 1526.0
2452708.85013 16.125 0.007 3.69 905.0
2452719.85581 16.129 0.008 4.48 1285.0
2452729.87783 16.107 0.008 5.24 1035.0
2452734.81679 16.127 0.007 3.35 1027.0
2452747.74141 16.125 0.011 6.37 1542.0
2452753.92643 16.118 0.009 4.91 1278.0
2452757.85255 16.127 0.008 4.51 1215.0
2452761.90136 16.121 0.007 4.02 1077.0
2452767.84833 16.125 0.009 5.06 1218.0
2452775.76517 16.123 0.010 5.14 1759.0
2452782.68652 16.127 0.010 6.79 983.0
2452782.70091 16.135 0.009 5.61 964.0
2452784.60917 16.120 0.008 4.49 1015.0
2452786.82718 16.120 0.008 4.26 1180.0
2452788.63909 16.120 0.008 3.79 1177.0
2452790.74352 16.125 0.007 3.99 903.0
2452793.65701 16.122 0.008 6.50 752.0
2452793.85327 16.115 0.008 5.40 1075.0
2452793.86462 16.129 0.008 5.01 1077.0
2452793.88164 16.116 0.008 5.77 1103.0
2452793.88526 16.125 0.007 4.38 1112.0
2452793.89568 16.117 0.008 4.81 1105.0
2452793.90492 16.112 0.007 4.62 1142.0
2452793.91355 16.127 0.008 5.26 1146.0
2452793.92231 16.113 0.009 6.31 1157.0
2452793.93144 16.116 0.009 5.53 1244.0
2452793.93766 16.103 0.010 6.01 1290.0
2452793.94371 16.099 0.013 7.85 1476.0
2452793.95112 16.082 0.015 6.86 2790.0
2452794.54063 16.104 0.012 6.98 1505.0
2452794.56035 16.118 0.013 7.80 1377.0
2452794.57162 16.133 0.014 8.28 1283.0
2452794.58339 16.130 0.011 6.45 1196.0
2452794.59339 16.114 0.010 6.33 1199.0
2452794.60212 16.122 0.010 6.04 1188.0
2452794.61049 16.121 0.010 6.48 1189.0
2452794.63441 16.111 0.008 5.45 1054.0
2452794.70248 16.126 0.008 5.59 888.0
2452794.76567 16.134 0.008 5.44 916.0
2452794.93062 16.132 0.009 5.50 1295.0
2452795.63111 16.115 0.006 4.52 829.0
2452795.66892 16.126 0.006 4.06 824.0
2452795.72439 16.126 0.007 4.50 935.0
2452796.55591 16.118 0.008 4.44 1082.0
2452796.68089 16.129 0.007 3.74 864.0
2452796.79845 16.113 0.007 4.09 889.0
2452796.82250 16.120 0.007 4.23 893.0
2452796.85330 16.131 0.007 3.61 909.0
2452796.86727 16.137 0.007 3.65 950.0
2452796.87462 16.128 0.008 4.35 997.0
2452796.88057 16.120 0.008 4.59 1045.0
2452796.88671 16.123 0.008 4.10 1057.0
2452796.89283 16.122 0.008 4.36 1061.0
2452796.90221 16.124 0.008 4.57 1088.0
2452796.91151 16.112 0.008 4.68 1129.0
2452796.92039 16.114 0.008 4.43 1137.0
2452796.94036 16.115 0.009 5.14 1288.0
2452797.56578 16.119 0.008 4.73 1221.0
2452797.64306 16.124 0.007 3.52 953.0
2452797.84594 16.133 0.007 3.59 937.0
2452802.57117 16.123 0.011 6.21 1522.0
2452802.73544 16.130 0.009 5.03 1297.0
2452808.79693 16.115 0.009 5.10 1323.0
2452809.75800 16.112 0.008 4.42 1131.0
2452811.68512 16.126 0.008 5.06 1019.0
2452812.81444 16.122 0.010 5.91 1095.0
2452813.85823 16.115 0.008 4.47 1072.0
2452815.83887 16.118 0.008 3.97 1083.0
2452816.85986 16.128 0.008 4.43 1263.0
2452818.62954 16.124 0.008 4.39 1016.0
2452819.80605 16.116 0.008 4.56 1138.0
2452821.69191 16.131 0.008 4.32 1048.0
2452826.79831 16.126 0.012 7.93 981.0
2452835.67732 16.126 0.008 4.25 1286.0
2452837.68506 16.102 0.010 5.03 2396.0
2452838.82081 16.110 0.012 6.76 1523.0
2452840.73813 16.103 0.009 5.22 1179.0
2452843.68941 16.116 0.008 5.41 1016.0
2452845.68677 16.121 0.008 4.50 984.0
2452846.50841 16.121 0.012 7.60 1182.0
2452850.57566 16.132 0.007 3.35 1060.0
2452852.58341 16.111 0.012 7.54 1140.0
2452854.58785 16.132 0.008 4.96 964.0
2452857.49810 16.115 0.008 4.73 1123.0
2452858.71046 16.141 0.009 4.45 1378.0
2452859.57095 16.108 0.010 4.30 2843.0
2452862.65755 16.130 0.010 5.51 1352.0
2452866.60703 16.115 0.009 4.96 1178.0
2452868.70887 16.126 0.008 4.28 1155.0
2452871.62714 16.149 0.007 3.75 1024.0
2452877.52907 16.123 0.008 4.59 1003.0
2452883.62372 16.123 0.008 4.37 939.0
2452892.55004 16.123 0.008 4.72 1208.0
2452895.61565 16.124 0.007 4.01 1096.0
2452900.62732 16.130 0.009 5.34 1125.0
2452905.62644 16.109 0.010 6.19 1172.0
2452909.63576 16.146 0.008 6.07 966.0
2452920.55069 16.116 0.012 6.69 1624.0
2452931.54751 16.112 0.007 3.75 1109.0
2453052.85736 16.123 0.008 4.35 1134.0
2453059.83029 16.132 0.008 4.83 1070.0
2453064.84717 16.115 0.010 5.91 1277.0
2453068.80096 16.132 0.010 5.66 1364.0
2453070.87962 16.137 0.008 4.71 1150.0
2453073.83570 16.137 0.008 4.13 1168.0
2453075.87380 16.120 0.007 3.88 1170.0
2453080.77802 16.120 0.007 4.62 1198.0
2453082.90585 16.120 0.007 4.70 923.0
2453085.83628 16.118 0.007 4.52 836.0
2453086.91091 16.123 0.007 4.23 1032.0
2453088.82891 16.109 0.006 3.76 851.0
2453090.74198 16.129 0.007 3.68 913.0
2453096.89717 16.126 0.008 5.88 976.0
2453099.79287 16.136 0.008 4.35 1031.0
2453101.76911 16.123 0.009 5.19 1246.0
2453103.80208 16.133 0.007 3.92 1213.0
2453104.86073 16.138 0.017 4.14 9481.0
2453106.87399 16.126 0.008 3.93 1798.0
2453108.79451 16.118 0.006 3.33 955.0
2453109.85340 16.153 0.007 3.88 921.0
2453110.85983 16.124 0.007 4.89 1028.0
2453112.84512 16.138 0.007 4.49 787.0
2453114.80974 16.141 0.007 4.07 895.0
2453116.89782 16.124 0.008 4.65 928.0
2453122.93574 16.111 0.011 5.79 2228.0
2453125.90022 16.108 0.009 6.05 1036.0
2453127.84443 16.136 0.008 4.43 1243.0
2453128.84634 16.144 0.008 4.67 1298.0
2453130.72683 16.120 0.008 3.87 1465.0
2453131.69331 16.118 0.008 4.15 1577.0
2453135.92492 16.115 0.007 4.45 1037.0
2453138.67921 16.114 0.008 4.87 950.0
2453139.90441 16.131 0.007 4.43 1022.0
2453140.90862 16.118 0.007 4.66 930.0
2453142.79302 16.124 0.007 3.87 951.0
2453144.81301 16.135 0.007 4.03 854.0
2453146.84633 16.128 0.008 5.40 853.0
2453151.77591 16.132 0.008 5.10 852.0
2453151.93363 16.110 0.009 5.42 1149.0
2453152.78153 16.139 0.008 4.45 942.0
2453153.78422 16.132 0.009 5.52 962.0
2453154.86971 16.117 0.009 5.83 996.0
2453156.88927 16.128 0.008 4.78 1139.0
2453162.59910 16.115 0.009 5.08 1333.0
2453163.78007 16.125 0.007 4.54 1062.0
2453164.76230 16.134 0.008 4.82 923.0
2453164.89530 16.153 0.010 6.08 1110.0
2453165.73589 16.106 0.006 3.76 882.0
2453167.62226 16.092 0.010 7.23 969.0
2453167.80001 16.142 0.008 5.19 933.0
2453167.86256 16.140 0.008 5.10 926.0
2453168.53038 16.109 0.010 6.49 1079.0
2453168.58428 16.116 0.007 4.42 877.0
2453168.69466 16.116 0.007 5.09 800.0
2453168.79118 16.138 0.007 4.42 940.0
2453168.91914 16.127 0.009 4.86 1309.0
2453169.52892 16.117 0.007 4.84 1136.0
2453169.58627 16.115 0.007 4.06 968.0
2453169.68699 16.115 0.008 4.12 914.0
2453169.79938 16.118 0.008 4.96 971.0
2453169.89546 16.133 0.009 5.23 1207.0
2453170.58519 16.102 0.006 4.66 729.0
2453170.75965 16.130 0.007 3.92 831.0
2453170.83703 16.126 0.007 3.71 882.0
2453170.89729 16.121 0.008 4.98 1059.0
2453171.53108 16.112 0.007 4.61 1000.0
2453171.63617 16.132 0.007 3.95 818.0
2453171.73992 16.135 0.006 3.81 895.0
2453171.83782 16.098 0.005 3.63 943.0
2453172.53038 16.140 0.008 5.13 944.0
2453172.73676 16.116 0.006 3.86 783.0
2453173.75752 16.129 0.008 5.35 925.0
2453173.87723 16.113 0.011 6.97 1124.0
2453174.50977 16.132 0.008 5.45 1253.0
2453174.73602 16.121 0.006 3.63 818.0
2453174.83742 16.127 0.007 3.75 1048.0
2453175.53852 16.113 0.009 5.55 1065.0
2453175.74480 16.133 0.007 4.12 942.0
2453176.53304 16.121 0.011 6.91 1274.0
2453176.69016 16.126 0.009 5.84 812.0
2453177.69308 16.116 0.010 7.36 974.0
2453177.78526 16.126 0.009 6.60 990.0
2453178.54950 16.113 0.008 5.63 1006.0
2453179.53001 16.117 0.007 4.71 957.0
2453179.90925 16.118 0.009 5.43 1179.0
2453180.75101 16.121 0.006 3.96 744.0
2453182.81168 16.130 0.007 4.19 928.0
2453183.76662 16.137 0.008 5.04 859.0
2453184.72776 16.136 0.007 3.86 861.0
2453185.73121 16.123 0.007 4.04 1059.0
2453193.56263 16.137 0.007 4.74 869.0
2453194.57425 16.128 0.008 4.97 1265.0
2453195.70581 16.124 0.007 4.07 834.0
2453195.82635 16.132 0.007 4.35 983.0
2453196.62725 16.130 0.007 3.70 995.0
2453197.55200 16.128 0.007 4.39 951.0
2453197.85541 16.121 0.011 7.15 1431.0
2453199.64984 16.120 0.007 4.20 689.0
2453202.54347 16.119 0.007 5.03 861.0
2453203.68854 16.143 0.007 3.80 746.0
2453204.67946 16.128 0.007 4.08 718.0
2453205.53831 16.136 0.007 4.45 775.0
2453206.74368 16.115 0.008 5.52 855.0
2453209.66366 16.123 0.008 5.48 799.0
2453210.66372 16.118 0.007 4.21 895.0
2453211.63416 16.132 0.008 5.46 745.0
2453217.67837 16.113 0.008 4.07 1327.0
2453218.67669 16.123 0.009 5.50 1320.0
2453219.64184 16.114 0.009 5.67 1025.0
2453223.67791 16.128 0.009 6.34 955.0
2453224.72595 16.119 0.008 4.66 1071.0
2453226.64961 16.109 0.009 6.59 756.0
2453228.62716 16.109 0.007 5.25 778.0
2453229.65966 16.126 0.007 4.25 748.0
2453230.69314 16.126 0.008 5.18 833.0
2453231.59715 16.126 0.007 4.88 902.0
2453232.63360 16.102 0.009 6.68 797.0
2453238.64543 16.125 0.010 6.56 899.0
2453240.49759 16.120 0.008 4.56 1007.0
2453245.58146 16.125 0.011 5.65 2638.0
2453246.68715 16.111 0.010 6.19 1219.0
2453247.60629 16.143 0.009 5.36 1081.0
2453249.55381 16.121 0.008 4.82 930.0
2453250.68477 16.121 0.010 5.94 1365.0
2453256.66404 16.111 0.009 6.10 948.0
2453260.57380 16.135 0.008 4.76 862.0
2453265.50420 16.110 0.009 6.01 974.0
2453267.55787 16.118 0.007 4.48 1105.0
2453272.61583 16.117 0.008 5.37 1035.0
2453275.51119 16.097 0.014 5.76 4272.0
2453279.54675 16.132 0.008 5.20 1011.0
2453282.50523 16.141 0.007 4.10 967.0
2453288.57159 16.123 0.006 4.96 685.0
2453293.54218 16.129 0.005 5.42 424.0
2453295.55071 16.118 0.005 4.52 521.0
2453300.53601 16.122 0.010 5.71 1385.0
2453305.55791 16.116 0.009 5.75 1559.0
2453308.53321 16.137 0.011 6.48 1476.0
2453315.50481 16.102 0.011 6.26 1539.0
2453417.88062 16.118 0.006 4.25 754.0
2453422.89757 16.151 0.007 4.17 1236.0
2453426.88870 16.136 0.007 4.63 944.0
2453429.87368 16.122 0.007 4.54 953.0
2453436.83177 16.126 0.009 6.77 859.0
2453442.91652 16.112 0.008 4.19 2030.0
2453445.82954 16.131 0.006 4.06 759.0
2453447.87988 16.125 0.007 4.41 841.0
2453449.89681 16.123 0.006 4.33 756.0
2453452.91396 16.122 0.007 3.78 981.0
2453453.78580 16.118 0.008 4.90 1275.0
2453455.85643 16.119 0.008 5.53 1133.0
2453456.86750 16.116 0.006 3.54 971.0
2453457.78516 16.114 0.007 4.37 993.0
2453458.82874 16.138 0.007 4.19 1017.0
2453459.80331 16.123 0.007 4.68 1089.0
2453469.81574 16.116 0.006 3.85 738.0
2453470.85595 16.108 0.006 3.74 735.0
2453472.78715 16.122 0.006 3.92 788.0
2453473.88213 16.123 0.007 5.16 800.0
2453474.85452 16.127 0.007 4.72 758.0
2453475.91833 16.125 0.006 3.54 806.0
2453477.79107 16.133 0.007 4.43 774.0
2453480.85733 16.131 0.007 4.90 718.0
2453481.86136 16.127 0.006 3.36 773.0
2453483.80162 16.115 0.006 3.82 913.0
2453496.75548 16.125 0.007 4.42 949.0
2453497.82447 16.114 0.007 4.58 896.0
2453499.75191 16.116 0.006 4.22 754.0
2453500.75649 16.130 0.007 4.36 816.0
2453501.87006 16.148 0.006 4.09 910.0
2453502.70499 16.145 0.006 4.13 831.0
2453503.71564 16.117 0.006 4.31 713.0
2453504.73003 16.137 0.007 5.91 669.0
2453506.83502 16.125 0.008 5.70 817.0
2453508.81220 16.115 0.007 4.93 840.0
2453509.71528 16.141 0.007 4.56 738.0
2453511.70196 16.122 0.008 5.13 893.0
2453512.77092 16.144 0.007 4.13 1104.0
2453517.81137 16.131 0.007 4.10 1159.0
2453520.84654 16.112 0.007 4.49 948.0
2453521.66574 16.116 0.006 4.66 676.0
2453522.77593 16.134 0.007 4.16 772.0
2453523.81065 16.122 0.006 4.26 792.0
2453524.79829 16.128 0.007 4.50 951.0
2453525.77798 16.129 0.006 3.96 712.0
2453526.86337 16.095 0.007 4.59 827.0
2453528.58195 16.113 0.007 4.20 905.0
2453530.80734 16.135 0.006 3.55 734.0
2453537.77516 16.120 0.006 4.52 692.0
2453538.70466 16.131 0.006 3.46 929.0
2453540.67860 16.129 0.007 4.07 912.0
2453544.75858 16.119 0.007 3.80 1557.0
2453546.87958 16.142 0.009 6.07 1117.0
2453547.83699 16.130 0.008 5.46 1021.0
2453550.66346 16.112 0.005 3.58 848.0
2453551.66814 16.124 0.004 3.23 788.0
2453552.70026 16.113 0.006 4.26 720.0
2453553.70295 16.106 0.009 6.41 834.0
2453554.69508 16.132 0.007 4.99 779.0
2453555.72922 16.117 0.007 4.59 769.0
2453556.74989 16.110 0.007 5.22 770.0
2453558.58569 16.121 0.006 4.20 798.0
2453559.68159 16.109 0.006 4.15 715.0
2453560.63472 16.121 0.006 3.69 724.0
2453560.72677 16.131 0.006 3.89 730.0
2453560.76311 16.137 0.006 4.23 698.0
2453560.79227 16.123 0.006 3.83 711.0
2453560.81555 16.127 0.007 4.77 767.0
2453560.84105 16.116 0.007 5.30 863.0
2453561.47648 16.129 0.010 6.00 1360.0
2453561.63091 16.103 0.006 4.31 733.0
2453561.75009 16.127 0.006 3.76 737.0
2453561.78009 16.128 0.006 3.99 759.0
2453561.84212 16.128 0.007 4.67 910.0
2453562.45994 16.131 0.010 5.07 2454.0
2453562.52576 16.114 0.006 4.00 814.0
2453562.57649 16.120 0.007 4.24 776.0
2453562.61917 16.112 0.007 4.79 784.0
2453562.68083 16.118 0.007 4.05 734.0
2453562.73188 16.099 0.006 3.80 769.0
2453562.78939 16.118 0.007 4.47 816.0
2453562.84199 16.111 0.007 5.07 970.0
2453563.47102 16.127 0.009 6.05 1070.0
2453563.58013 16.141 0.006 3.61 767.0
2453563.74665 16.114 0.007 4.75 825.0
2453563.81802 16.088 0.008 5.90 990.0
2453564.51139 16.089 0.010 7.09 1068.0
2453564.63543 16.122 0.006 3.99 762.0
2453564.78897 16.127 0.008 6.18 735.0
2453565.48809 16.129 0.010 6.72 1180.0
2453568.80493 16.093 0.008 5.56 1016.0
2453569.48661 16.088 0.010 5.44 1749.0
2453569.52491 16.109 0.009 5.12 1876.0
2453573.68951 16.126 0.008 5.26 1032.0
2453573.71648 16.113 0.007 4.87 1100.0
2453574.71748 16.106 0.007 4.32 991.0
2453575.65635 16.137 0.006 3.73 821.0
2453576.71880 16.134 0.008 5.20 878.0
2453577.76713 16.108 0.007 5.38 736.0
2453578.70378 16.122 0.006 4.01 687.0
2453579.64908 16.118 0.006 4.45 705.0
2453580.68561 16.140 0.007 5.12 738.0
2453581.70199 16.121 0.006 4.36 687.0
2453582.62780 16.139 0.006 4.23 657.0
2453583.66442 16.119 0.007 4.98 699.0
2453584.67316 16.111 0.007 4.87 707.0
2453585.67119 16.114 0.006 4.03 629.0
2453586.70260 16.107 0.006 3.84 715.0
2453588.75367 16.119 0.007 5.38 809.0
2453589.71500 16.120 0.007 5.16 757.0
2453590.71113 16.149 0.007 4.31 808.0
2453592.68385 16.122 0.006 4.07 700.0
2453597.67421 16.107 0.009 4.60 1860.0
2453601.68744 16.119 0.007 4.48 1175.0
2453602.68759 16.132 0.008 4.79 1237.0
2453603.66774 16.130 0.007 4.88 873.0
2453607.66625 16.121 0.007 5.29 730.0
2453608.68220 16.110 0.007 4.95 775.0
2453615.60950 16.118 0.006 4.56 709.0
2453618.61300 16.119 0.007 4.46 884.0
2453620.57623 16.120 0.006 3.77 729.0
2453628.57827 16.120 0.007 4.58 1221.0
2453630.59231 16.115 0.008 4.88 1124.0
2453632.61978 16.104 0.010 6.46 1319.0
2453634.52316 16.120 0.006 4.07 797.0
2453639.53020 16.114 0.006 3.38 838.0
2453641.57573 16.149 0.008 5.19 1045.0
2453644.54054 16.119 0.007 4.42 880.0
2453649.52992 16.120 0.007 4.76 809.0
2453651.58201 16.142 0.009 5.82 1133.0
2453654.56708 16.134 0.010 5.08 2541.0
2453655.54719 16.125 0.007 4.19 1167.0
2453659.54215 16.159 0.010 6.24 1325.0
2453662.54664 16.120 0.010 5.99 1396.0
2453665.51715 16.120 0.008 4.80 1180.0
2453672.51844 16.097 0.010 6.69 1242.0
2453777.85183 16.107 0.008 4.87 1220.0
2453782.88781 16.112 0.006 3.80 1084.0
2453785.84945 16.126 0.007 3.93 1067.0
2453787.87015 16.134 0.007 3.55 1070.0
2453791.84453 16.142 0.009 5.82 1061.0
2453793.88874 16.119 0.006 3.52 1013.0
2453795.87297 16.109 0.007 4.51 1050.0
2453796.90541 16.123 0.007 3.87 1314.0
2453798.83631 16.124 0.007 4.18 891.0
2453799.89067 16.117 0.008 4.83 1110.0
2453801.84545 16.114 0.007 4.05 944.0
2453802.87987 16.120 0.007 4.13 883.0
2453804.79308 16.114 0.008 5.23 862.0
2453805.83159 16.127 0.007 4.38 892.0
2453806.82831 16.136 0.007 4.73 957.0
2453807.85252 16.122 0.007 4.27 1060.0
2453808.85616 16.110 0.008 4.97 1067.0
2453809.91305 16.114 0.007 3.55 1927.0
2453810.90911 16.108 0.007 3.88 1329.0
2453811.79967 16.118 0.009 5.44 1040.0
2453812.88061 16.106 0.007 4.23 1022.0
2453813.86033 16.120 0.007 4.16 1008.0
2453814.85576 16.124 0.006 3.56 986.0
2453818.77342 16.111 0.007 4.54 1096.0
2453819.83706 16.130 0.006 3.46 778.0
2453820.80110 16.129 0.006 3.66 752.0
2453821.80427 16.115 0.006 4.32 797.0
2453822.84794 16.132 0.006 3.95 864.0
2453823.80893 16.101 0.006 3.77 788.0
2453824.79537 16.115 0.008 5.36 942.0
2453824.80287 16.146 0.008 5.53 920.0
2453825.83496 16.131 0.007 4.41 856.0
2453826.79467 16.133 0.007 4.62 824.0
2453827.83511 16.129 0.006 3.76 716.0
2453828.81518 16.116 0.007 4.38 799.0
2453829.74300 16.117 0.007 4.96 854.0
2453830.77155 16.121 0.006 3.67 894.0
2453832.77489 16.124 0.007 4.16 783.0
2453833.80217 16.136 0.006 3.44 740.0
2453834.77411 16.113 0.006 4.00 855.0
2453835.76281 16.115 0.007 4.51 911.0
2453836.72425 16.120 0.008 4.91 1111.0
2453837.76489 16.122 0.008 4.79 1001.0
2453838.77283 16.106 0.008 5.47 1059.0
2453838.89023 16.139 0.007 3.81 991.0
2453839.76876 16.132 0.007 4.24 1159.0
2453840.77190 16.117 0.007 4.07 1120.0
2453841.72710 16.128 0.008 4.97 1166.0
2453841.87704 16.119 0.006 3.45 1254.0
2453842.71872 16.142 0.011 4.69 2995.0
2453845.74861 16.110 0.012 5.32 3148.0
2453846.75947 16.116 0.007 4.09 804.0
2453846.88820 16.120 0.006 3.52 928.0
2453847.83256 16.120 0.008 4.84 934.0
2453848.78260 16.141 0.008 5.49 817.0
2453848.90576 16.120 0.008 4.74 941.0
2453849.78014 16.123 0.007 4.09 854.0
2453850.72529 16.127 0.007 4.44 842.0
2453850.89816 16.119 0.008 4.62 1017.0
2453851.73892 16.127 0.007 4.42 821.0
2453851.90369 16.108 0.007 4.63 883.0
2453852.72746 16.118 0.007 5.00 864.0
2453852.85128 16.117 0.006 3.93 839.0
2453852.93295 16.140 0.011 5.98 1781.0
2453853.72018 16.136 0.006 3.85 737.0
2453853.88435 16.113 0.006 3.39 807.0
2453856.70840 16.125 0.007 3.93 964.0
2453856.89647 16.138 0.006 3.52 948.0
2453858.74528 16.125 0.007 4.96 761.0
2453859.86541 16.120 0.007 4.74 889.0
2453860.70070 16.136 0.006 5.12 806.0
2453861.69813 16.124 0.007 4.65 920.0
2453861.80224 16.134 0.006 3.68 805.0
2453861.90115 16.133 0.006 3.58 942.0
2453862.67995 16.120 0.007 4.58 986.0
2453862.89471 16.109 0.007 4.50 1117.0
2453863.69281 16.120 0.007 4.15 955.0
2453863.83658 16.120 0.006 3.72 808.0
2453863.91271 16.144 0.006 3.38 846.0
2453864.70959 16.123 0.006 3.58 889.0
2453864.89580 16.121 0.006 3.52 832.0
2453865.66950 16.132 0.007 4.32 1059.0
2453865.80519 16.120 0.006 3.69 899.0
2453865.88377 16.142 0.007 4.17 877.0
2453866.64256 16.111 0.007 4.58 1136.0
2453866.71506 16.109 0.006 3.56 901.0
2453866.85455 16.116 0.006 3.77 888.0
2453866.92891 16.117 0.006 3.20 927.0
2453867.66099 16.116 0.007 4.27 1228.0
2453867.84643 16.121 0.007 3.64 1186.0
2453867.91666 16.091 0.007 3.49 1211.0
2453868.66877 16.120 0.008 4.46 1484.0
2453868.70615 16.112 0.008 3.86 1385.0
2453868.81099 16.131 0.007 3.67 1170.0
2453868.85097 16.128 0.008 4.33 1244.0
2453868.89255 16.112 0.008 4.37 1308.0
2453868.92473 16.105 0.008 4.27 1441.0
2453869.61933 16.139 0.008 4.34 1838.0
2453869.65373 16.129 0.007 4.10 1566.0
2453869.68557 16.124 0.007 3.79 1425.0
2453869.74703 16.132 0.007 3.86 1434.0
2453869.81668 16.126 0.008 4.17 1701.0
2453869.86668 16.118 0.007 3.90 1550.0
2453869.90306 16.148 0.008 3.87 1677.0
2453869.93767 16.136 0.010 4.78 2307.0
2453870.69461 16.089 0.013 6.03 2886.0
2453870.75441 16.106 0.009 4.55 2386.0
2453870.84136 16.138 0.012 4.74 3734.0
2453872.74053 16.116 0.007 3.10 2115.0
2453872.85179 16.116 0.007 3.62 1351.0
2453873.62090 16.147 0.008 4.79 923.0
2453873.70236 16.134 0.007 3.99 890.0
2453873.84143 16.121 0.006 4.06 912.0
2453873.91192 16.118 0.007 3.99 1009.0
2453874.70364 16.128 0.007 4.54 805.0
2453874.87212 16.119 0.006 3.56 970.0
2453875.64031 16.116 0.006 4.17 757.0
2453875.78758 16.135 0.006 3.03 832.0
2453875.86628 16.125 0.006 3.48 899.0
2453876.60528 16.132 0.007 4.93 845.0
2453876.66370 16.108 0.006 4.25 747.0
2453877.66820 16.108 0.006 4.11 754.0
2453877.81641 16.117 0.006 3.79 811.0
2453877.89020 16.129 0.007 4.26 1003.0
2453877.92864 16.122 0.007 4.64 1115.0
2453879.92509 16.118 0.008 5.34 962.0
2453879.93286 16.108 0.008 5.69 1075.0
2453880.60132 16.136 0.005 4.78 716.0
2453880.87173 16.099 0.006 4.37 911.0
2453880.94527 16.107 0.010 5.52 2443.0
2453881.69198 16.105 0.006 3.86 875.0
2453881.83472 16.116 0.006 3.50 953.0
2453882.60408 16.136 0.007 4.92 895.0
2453882.80700 16.124 0.006 4.16 902.0
2453882.87721 16.113 0.006 3.73 912.0
2453883.66945 16.129 0.006 3.96 813.0
2453883.90527 16.127 0.006 3.79 910.0
2453886.63471 16.127 0.006 3.85 846.0
2453886.82424 16.105 0.006 3.68 742.0
2453886.89630 16.103 0.006 4.06 850.0
2453886.92231 16.126 0.007 4.89 862.0
2453887.60479 16.135 0.007 4.85 900.0
2453887.80747 16.127 0.007 4.24 844.0
2453887.83528 16.135 0.007 4.44 852.0
2453887.90732 16.126 0.007 4.98 1017.0
2453888.63562 16.139 0.006 5.29 667.0
2453889.68726 16.141 0.006 3.65 766.0
2453889.78328 16.120 0.006 4.06 757.0
2453889.79502 16.108 0.006 4.55 791.0
2453889.83447 16.133 0.006 4.04 914.0
2453889.85231 16.108 0.006 3.45 941.0
2453889.90479 16.139 0.007 3.77 1110.0
2453889.93122 16.148 0.008 4.83 1113.0
2453890.56007 16.130 0.008 5.43 1206.0
2453890.57553 16.127 0.008 5.31 1053.0
2453890.62499 16.116 0.007 4.00 979.0
2453890.63492 16.129 0.006 4.11 882.0
2453890.64373 16.137 0.006 3.85 905.0
2453890.66090 16.124 0.006 3.77 898.0
2453890.66983 16.136 0.006 3.80 816.0
2453890.67879 16.129 0.006 3.80 847.0
2453890.69906 16.126 0.005 3.40 769.0
2453890.72211 16.124 0.005 3.08 847.0
2453891.55443 16.108 0.009 6.67 984.0
2453891.60146 16.123 0.007 5.14 863.0
2453891.63612 16.143 0.007 4.82 840.0
2453891.68852 16.140 0.007 4.87 817.0
2453891.71187 16.118 0.007 4.49 813.0
2453891.75805 16.121 0.007 5.01 841.0
2453891.78727 16.115 0.009 6.08 880.0
2453891.81707 16.129 0.007 4.13 881.0
2453891.82884 16.128 0.006 3.94 859.0
2453891.86943 16.088 0.008 5.33 918.0
2453891.91051 16.139 0.007 5.00 929.0
2453892.55290 16.122 0.009 6.01 1409.0
2453892.56387 16.118 0.008 5.70 1214.0
2453892.59852 16.115 0.009 5.83 1387.0
2453892.62222 16.121 0.008 5.34 1051.0
2453892.65818 16.141 0.006 4.09 921.0
2453892.73210 16.132 0.006 3.91 827.0
2453892.82596 16.121 0.006 4.61 901.0
2453892.92709 16.143 0.010 6.84 1034.0
2453893.57326 16.105 0.009 6.24 1077.0
2453893.61338 16.138 0.008 5.65 942.0
2453893.65649 16.128 0.007 4.97 856.0
2453893.81755 16.124 0.008 5.22 897.0
2453893.90784 16.123 0.008 5.69 1048.0
2453894.63321 16.128 0.009 6.21 829.0
2453894.70430 16.145 0.008 5.47 815.0
2453894.75656 16.125 0.007 4.92 835.0
2453894.80182 16.142 0.009 6.15 896.0
2453894.84625 16.121 0.008 5.95 846.0
2453894.87896 16.128 0.008 5.68 854.0
2453896.56367 16.121 0.010 6.13 1493.0
2453896.60366 16.137 0.010 6.21 1259.0
2453896.61875 16.140 0.010 6.47 1265.0
2453896.63311 16.105 0.009 5.72 1204.0
2453896.64806 16.115 0.009 5.64 1178.0
2453896.66231 16.114 0.008 5.21 1152.0
2453896.67870 16.134 0.009 5.59 1152.0
2453896.69024 16.146 0.007 4.51 1116.0
2453896.70163 16.122 0.007 3.95 1094.0
2453896.71711 16.113 0.007 4.68 1122.0
2453896.72874 16.127 0.007 4.06 1127.0
2453896.74310 16.121 0.007 4.16 1267.0
2453896.76117 16.131 0.007 4.62 1226.0
2453896.77836 16.116 0.008 5.40 1270.0
2453896.79707 16.131 0.009 6.01 1331.0
2453896.82703 16.125 0.009 5.87 1367.0
2453900.52541 16.136 0.010 5.57 2100.0
2453900.56336 16.115 0.008 4.65 1567.0
2453900.61408 16.113 0.007 4.25 1183.0
2453900.65209 16.113 0.007 3.79 1715.0
2453900.70110 16.104 0.008 3.32 3498.0
2453900.73811 16.127 0.007 3.58 1134.0
2453900.74978 16.125 0.007 3.53 1132.0
2453900.76437 16.111 0.007 3.68 1139.0
2453900.82516 16.110 0.007 3.87 1233.0
2453900.88532 16.113 0.008 4.33 1405.0
2453901.56530 16.108 0.009 6.14 995.0
2453901.57720 16.127 0.009 5.60 1012.0
2453901.75200 16.110 0.008 5.03 926.0
2453901.76669 16.119 0.006 3.87 898.0
2453901.82881 16.116 0.008 5.02 1003.0
2453901.88949 16.105 0.008 4.63 1601.0
2453901.90127 16.112 0.008 5.00 1325.0
2453902.55449 16.144 0.007 4.58 928.0
2453902.58607 16.128 0.006 4.45 874.0
2453902.59813 16.128 0.006 4.11 940.0
2453902.64393 16.120 0.007 4.25 880.0
2453902.71088 16.120 0.006 3.59 883.0
2453902.73767 16.135 0.006 3.98 890.0
2453902.76384 16.112 0.006 3.98 917.0
2453902.77430 16.115 0.007 4.52 1006.0
2453902.78326 16.117 0.007 4.07 1028.0
2453902.79262 16.108 0.007 4.68 988.0
2453902.80518 16.115 0.006 3.94 1009.0
2453902.82032 16.145 0.007 4.60 1056.0
2453902.82971 16.120 0.007 4.56 1077.0
2453902.84573 16.119 0.008 4.73 1113.0
2453902.85942 16.098 0.007 4.46 1106.0
2453902.89016 16.132 0.009 5.74 1180.0
2453902.90553 16.109 0.009 6.04 1200.0
2453903.68698 16.130 0.007 4.20 929.0
2453904.58114 16.118 0.006 3.69 791.0
2453904.74440 16.121 0.007 4.22 904.0
2453904.81338 16.138 0.006 3.66 860.0
2453904.86620 16.120 0.007 3.95 986.0
2453905.57807 16.117 0.006 3.71 791.0
2453905.75209 16.133 0.006 3.43 830.0
2453905.82469 16.115 0.006 3.20 822.0
2453905.89327 16.116 0.007 4.47 1192.0
2453906.51672 16.132 0.009 5.51 1243.0
2453906.68657 16.133 0.007 4.42 858.0
2453906.75953 16.109 0.006 3.99 826.0
2453906.83221 16.124 0.007 4.47 902.0
2453906.85017 16.135 0.007 4.28 945.0
2453906.88264 16.107 0.007 4.90 1003.0
2453907.62324 16.123 0.007 4.28 820.0
2453907.81809 16.100 0.009 5.86 1003.0
2453907.89063 16.119 0.009 6.08 1037.0
2453908.55942 16.121 0.007 3.79 1207.0
2453908.74987 16.110 0.006 3.93 876.0
2453908.82513 16.138 0.006 3.98 802.0
2453909.56452 16.144 0.007 4.73 859.0
2453909.75891 16.134 0.006 3.68 683.0
2453909.84082 16.117 0.007 4.44 827.0
2453910.61325 16.131 0.006 3.60 780.0
2453912.56365 16.125 0.006 3.12 845.0
2453912.76044 16.127 0.006 3.55 684.0
2453912.84833 16.113 0.006 3.79 802.0
2453913.56143 16.114 0.006 3.64 840.0
2453913.76363 16.134 0.007 4.62 880.0
2453913.85344 16.133 0.006 4.05 847.0
2453914.57888 16.124 0.007 4.54 888.0
2453915.55942 16.134 0.007 4.55 924.0
2453915.76274 16.128 0.006 4.36 718.0
2453915.85975 16.107 0.007 5.28 834.0
2453916.60730 16.111 0.007 5.36 853.0
2453916.77993 16.108 0.008 6.17 807.0
2453917.64726 16.116 0.007 5.12 862.0
2453917.85015 16.121 0.008 5.72 1009.0
2453918.64072 16.132 0.007 4.89 858.0
2453918.85044 16.090 0.008 5.64 937.0
2453919.59360 16.100 0.007 5.09 879.0
2453919.82005 16.145 0.007 5.45 904.0
2453920.54523 16.103 0.006 3.69 812.0
2453920.74149 16.123 0.007 4.29 853.0
2453920.82025 16.122 0.006 3.56 928.0
2453921.53824 16.132 0.007 3.71 1053.0
2453921.74870 16.133 0.009 6.23 947.0
2453922.74516 16.131 0.008 5.92 916.0
2453930.59277 16.115 0.006 3.74 1091.0
2453931.54384 16.143 0.007 4.18 971.0
2453931.66726 16.109 0.007 4.31 844.0
2453932.55570 16.126 0.008 4.99 1024.0
2453933.54466 16.116 0.006 3.76 895.0
2453933.72595 16.092 0.005 3.89 970.0
2453933.80161 16.128 0.007 4.87 979.0
2453934.51543 16.125 0.007 4.67 959.0
2453934.63948 16.112 0.006 3.51 740.0
2453934.70925 16.116 0.006 4.20 785.0
2453934.77828 16.122 0.006 3.90 801.0
2453935.56525 16.108 0.008 5.51 883.0
2453935.73656 16.120 0.007 5.01 819.0
2453935.78834 16.131 0.007 4.64 907.0
2453936.51887 16.097 0.008 5.05 869.0
2453936.68419 16.131 0.007 4.15 857.0
2453936.76177 16.135 0.007 3.94 973.0
2453937.59407 16.107 0.006 3.88 795.0
2453938.52640 16.133 0.008 5.32 932.0
2453938.72799 16.155 0.007 4.66 780.0
2453938.77720 16.108 0.007 5.31 833.0
2453940.62940 16.114 0.005 3.39 750.0
2453941.67355 16.126 0.008 5.98 740.0
2453944.58290 16.128 0.006 4.39 776.0
2453945.53178 16.120 0.007 5.35 871.0
2453945.71982 16.128 0.007 4.44 845.0
2453946.54205 16.131 0.007 5.10 894.0
2453946.73145 16.125 0.006 4.54 727.0
2453950.54995 16.122 0.006 3.59 739.0
2453950.76944 16.140 0.007 5.34 850.0
2453951.54619 16.149 0.008 4.93 886.0
2453956.59260 16.120 0.008 5.31 1185.0
2453957.53348 16.116 0.008 5.22 990.0
2453958.60625 16.116 0.007 4.12 1076.0
2453958.63530 16.102 0.007 4.37 1342.0
2453959.54619 16.123 0.007 4.83 847.0
2453959.71058 16.114 0.007 5.10 979.0
2453960.52417 16.136 0.006 4.08 797.0
2453960.70409 16.133 0.006 3.40 956.0
2453961.52381 16.122 0.008 5.22 907.0
2453961.59926 16.143 0.009 5.68 1008.0
2453961.66529 16.109 0.009 6.43 1026.0
2453963.48578 16.136 0.008 5.10 912.0
2453963.66035 16.130 0.007 4.58 848.0
2453963.73369 16.144 0.008 6.24 869.0
2453964.55587 16.133 0.006 3.63 821.0
2453965.54519 16.136 0.006 3.60 736.0
2453965.73509 16.141 0.007 4.87 843.0
2453966.53710 16.131 0.007 3.95 873.0
2453966.71957 16.138 0.008 5.48 857.0
2453967.56094 16.117 0.009 5.93 877.0
2453968.52363 16.140 0.008 4.68 978.0
2453968.69513 16.120 0.007 5.21 902.0
2453969.52752 16.119 0.008 5.51 818.0
2453969.70614 16.135 0.007 5.19 784.0
2453970.53933 16.132 0.008 5.40 795.0
2453970.71926 16.131 0.007 5.22 795.0
2453971.57912 16.109 0.008 5.33 821.0
2453973.60427 16.122 0.007 4.83 743.0
2453974.53411 16.116 0.008 5.75 824.0
2453975.53660 16.106 0.006 4.35 803.0
2453976.53135 16.123 0.007 4.45 829.0
2453979.54112 16.110 0.010 5.98 1564.0
2453982.60829 16.142 0.008 4.59 1339.0
2453986.60833 16.151 0.008 4.95 1069.0
2453987.53075 16.130 0.007 4.57 966.0
2453988.54357 16.132 0.006 4.01 814.0
2453989.60525 16.157 0.009 5.59 981.0
2453990.64752 16.137 0.008 5.47 976.0
2453994.50024 16.117 0.008 5.90 957.0
2453995.59785 16.125 0.007 4.30 868.0
2453999.63540 16.125 0.007 5.06 1003.0
2454000.54244 16.129 0.007 4.92 899.0
2454001.53220 16.124 0.008 5.37 1038.0
2454002.52891 16.133 0.007 4.41 835.0
2454004.55183 16.144 0.009 6.11 977.0
2454005.55453 16.122 0.008 5.28 936.0
2454006.54922 16.106 0.006 3.77 865.0
2454012.52492 16.110 0.008 5.96 1038.0
2454016.56681 16.125 0.009 5.91 1188.0
2454018.57940 16.135 0.009 5.12 1099.0
2454021.56336 16.135 0.008 5.48 1215.0
2454024.51110 16.130 0.008 5.55 1002.0
2454026.50663 16.123 0.006 4.45 903.0
2454028.52265 16.131 0.008 4.76 1002.0
2454031.52274 16.108 0.008 5.17 1095.0
2454038.52794 16.143 0.010 6.56 1090.0
2454041.52708 16.138 0.011 6.63 1490.0
2454142.87817 16.136 0.010 5.97 1449.0
2454151.88332 16.112 0.008 5.27 1029.0
2454154.83075 16.125 0.008 4.05 1121.0
2454156.88374 16.100 0.009 5.57 1005.0
2454159.81780 16.110 0.008 4.90 1165.0
2454161.87123 16.118 0.009 4.91 1249.0
2454163.88722 16.119 0.007 3.49 1285.0
2454165.84408 16.105 0.009 4.88 2247.0
2454168.84161 16.125 0.009 4.46 1378.0
2454170.84270 16.110 0.008 3.97 1407.0
2454175.87767 16.117 0.007 4.23 894.0
2454177.77740 16.107 0.008 5.01 938.0
2454178.83476 16.115 0.008 4.29 942.0
2454179.87463 16.113 0.007 3.65 961.0
2454181.81103 16.114 0.008 4.46 907.0
2454182.85962 16.116 0.007 3.56 873.0
2454183.89211 16.127 0.007 4.34 991.0
2454185.76854 16.113 0.008 4.78 945.0
2454191.77910 16.108 0.009 5.22 1202.0
2454193.79020 16.094 0.009 5.27 1292.0
2454194.81305 16.116 0.008 4.97 1079.0
2454196.80307 16.113 0.008 4.34 1126.0
2454202.78465 16.111 0.007 3.52 987.0
2454203.77242 16.115 0.007 3.66 885.0
2454204.70721 16.110 0.008 4.92 1092.0
2454204.73063 16.113 0.008 4.62 1045.0
2454204.76479 16.098 0.008 4.86 997.0
2454204.80708 16.112 0.007 3.93 909.0
2454204.84109 16.112 0.007 3.63 938.0
2454204.87522 16.107 0.007 3.62 944.0
2454204.91343 16.120 0.007 3.95 952.0
2454205.70750 16.120 0.009 6.00 939.0
2454205.76301 16.129 0.007 3.94 813.0
2454205.83637 16.114 0.006 3.32 802.0
2454205.91440 16.114 0.007 4.06 1020.0
2454207.75426 16.114 0.007 4.07 942.0
2454208.70820 16.104 0.008 4.71 1005.0
2454211.81953 16.114 0.009 5.90 905.0
2454212.84908 16.106 0.009 5.44 922.0
2454213.75714 16.105 0.007 4.08 885.0
2454215.77018 16.108 0.008 5.20 936.0
2454216.72805 16.110 0.008 4.39 950.0
2454216.93326 16.113 0.009 5.25 1452.0
2454217.73555 16.109 0.007 3.58 926.0
2454217.89684 16.113 0.006 3.16 892.0
2454218.78531 16.107 0.009 5.91 980.0
2454219.79256 16.123 0.007 4.01 928.0
2454220.73435 16.104 0.008 4.61 1028.0
2454222.70018 16.111 0.009 4.94 1337.0
2454224.81334 16.125 0.008 3.81 1361.0
2454228.70564 16.122 0.008 3.92 1461.0
2454229.69922 16.098 0.009 5.34 1044.0
2454229.89619 16.121 0.008 3.98 1126.0
2454230.64742 16.111 0.008 4.26 993.0
2454230.83540 16.105 0.008 4.62 950.0
2454230.89709 16.114 0.009 5.42 1149.0
2454231.67138 16.099 0.006 4.83 930.0
2454231.72248 16.117 0.006 4.39 992.0
2454231.87748 16.112 0.008 4.69 1061.0
2454232.65913 16.104 0.010 6.16 1264.0
2454232.78414 16.093 0.008 4.53 1077.0
2454232.92166 16.105 0.009 5.63 1076.0
2454233.85187 16.108 0.008 4.26 1157.0
2454234.77945 16.119 0.008 4.27 996.0
2454234.90180 16.116 0.008 4.49 1163.0
2454235.69577 16.115 0.007 3.58 1059.0
2454235.75321 16.104 0.007 3.55 1069.0
2454235.85684 16.105 0.008 4.15 958.0
2454235.91895 16.067 0.010 6.13 1186.0
2454237.62231 16.097 0.009 5.96 1131.0
2454238.69366 16.107 0.007 4.17 984.0
2454239.66553 16.092 0.008 4.73 969.0
2454240.70519 16.114 0.007 4.11 934.0
2454240.86158 16.111 0.008 4.85 1051.0
2454243.76428 16.120 0.008 4.26 1003.0
2454243.85716 16.102 0.008 5.06 1047.0
2454244.64304 16.103 0.009 5.45 1058.0
2454244.73940 16.115 0.007 3.84 967.0
2454244.83200 16.116 0.008 4.33 1077.0
2454245.63612 16.115 0.007 4.40 889.0
2454245.73043 16.117 0.007 3.93 813.0
2454245.82591 16.119 0.007 4.14 860.0
2454245.89851 16.103 0.008 4.86 989.0
2454246.69480 16.111 0.007 4.51 943.0
2454246.78792 16.103 0.007 3.99 977.0
2454246.88062 16.096 0.008 4.21 1181.0
2454247.70983 16.113 0.008 4.65 1008.0
2454250.75791 16.102 0.008 4.07 1267.0
2454256.65032 16.081 0.009 6.03 1103.0
2454256.79585 16.093 0.010 6.04 1212.0
2454257.67722 16.118 0.008 4.60 980.0
2454258.66056 16.095 0.008 5.12 1009.0
2454258.78339 16.107 0.008 4.89 1075.0
2454258.87600 16.103 0.009 5.19 1262.0
2454267.62024 16.102 0.007 4.68 1013.0
2454268.73096 16.128 0.006 3.63 928.0
2454268.86721 16.097 0.008 4.73 1181.0
2454269.60246 16.112 0.007 3.91 947.0
2454269.75273 16.115 0.007 4.16 914.0
2454270.53716 16.129 0.009 5.42 1328.0
2454272.58363 16.117 0.008 4.46 1151.0
2454272.73353 16.125 0.007 4.10 890.0
2454272.79216 16.102 0.008 4.94 1118.0
2454272.86352 16.097 0.009 4.84 1326.0
2454273.64401 16.109 0.008 4.97 1033.0
2454273.82216 16.120 0.008 4.37 1318.0
2454273.88337 16.081 0.011 6.18 1656.0
2454274.57508 16.108 0.009 5.24 1274.0
2454274.72801 16.115 0.008 4.85 1100.0
2454274.78892 16.107 0.008 4.11 1125.0
2454274.86216 16.116 0.009 5.37 1389.0
2454275.62664 16.114 0.008 4.54 1110.0
2454275.80189 16.111 0.010 5.55 1346.0
2454275.86301 16.094 0.010 5.85 1602.0
2454276.61136 16.117 0.009 5.48 1059.0
2454277.55508 16.111 0.009 5.56 1315.0
2454277.73216 16.102 0.008 4.43 1108.0
2454277.79080 16.110 0.010 5.82 1184.0
2454278.60002 16.107 0.009 5.63 1166.0
2454278.78650 16.111 0.011 6.39 1326.0
2454283.53762 16.128 0.009 4.15 1582.0
2454284.52940 16.118 0.009 4.97 1333.0
2454284.67976 16.093 0.009 4.39 1223.0
2454284.73914 16.106 0.007 4.17 1187.0
2454284.80118 16.098 0.009 4.59 1387.0
2454284.86616 16.110 0.011 5.68 1943.0
2454285.53258 16.097 0.009 4.82 1212.0
2454285.72610 16.116 0.008 4.23 1066.0
2454285.78741 16.102 0.008 5.01 1059.0
2454285.85262 16.114 0.009 4.59 1347.0
2454286.53234 16.120 0.009 5.31 1378.0
2454286.84055 16.095 0.010 5.37 2634.0
2454289.54321 16.125 0.008 4.89 1117.0
2454289.76212 16.111 0.008 4.86 1025.0
2454289.82694 16.108 0.008 5.20 877.0
2454290.58950 16.121 0.009 5.59 912.0
2454291.60919 16.108 0.007 3.99 916.0
2454292.51476 16.106 0.007 3.67 1058.0
2454292.69377 16.117 0.007 4.25 968.0
2454292.75257 16.118 0.007 3.67 936.0
2454292.81556 16.113 0.009 5.41 1111.0
2454293.51552 16.116 0.007 4.00 914.0
2454293.69968 16.113 0.007 4.13 899.0
2454293.75844 16.115 0.007 3.96 948.0
2454293.79869 16.105 0.008 4.51 977.0
2454293.83620 16.103 0.009 5.78 1073.0
2454294.51414 16.114 0.007 4.10 1089.0
2454295.52430 16.116 0.008 4.86 926.0
2454295.71940 16.127 0.007 4.03 776.0
2454295.77800 16.109 0.007 4.51 804.0
2454296.51840 16.114 0.008 4.56 981.0
2454296.72411 16.120 0.008 4.87 828.0
2454297.53820 16.114 0.008 4.60 929.0
2454297.74276 16.104 0.007 4.58 853.0
2454298.57267 16.113 0.009 5.61 875.0
2454298.68429 16.094 0.007 4.73 792.0
2454298.82171 16.126 0.009 5.64 1154.0
2454299.55976 16.109 0.007 3.51 828.0
2454299.64967 16.107 0.007 4.12 798.0
2454299.74096 16.120 0.007 4.48 799.0
2454300.55641 16.090 0.008 4.17 926.0
2454300.67155 16.100 0.007 3.78 807.0
2454300.81656 16.117 0.008 4.21 1240.0
2454301.54253 16.110 0.007 3.83 1072.0
2454301.63878 16.102 0.007 3.66 933.0
2454301.74096 16.109 0.007 4.20 862.0
2454302.61552 16.111 0.008 5.08 873.0
2454302.78060 16.099 0.009 6.52 840.0
2454303.70210 16.114 0.008 4.77 850.0
2454304.58039 16.099 0.009 4.91 1249.0
2454306.58614 16.115 0.009 5.74 1134.0
2454306.72266 16.098 0.009 5.92 1127.0
2454310.63975 16.116 0.010 4.84 2179.0
2454312.52734 16.116 0.010 5.05 1497.0
2454312.77021 16.117 0.008 4.59 1216.0
2454314.78479 16.114 0.010 6.07 1211.0
2454315.55882 16.107 0.008 4.36 1051.0
2454316.58908 16.112 0.007 4.03 874.0
2454317.51098 16.105 0.007 4.35 963.0
2454319.54606 16.119 0.008 4.20 991.0
2454319.69202 16.101 0.009 5.98 1041.0
2454320.61337 16.112 0.008 4.78 892.0
2454326.56280 16.104 0.007 3.92 915.0
2454326.73894 16.110 0.009 5.87 930.0
2454327.61443 16.107 0.009 5.43 939.0
2454328.47958 16.116 0.009 4.49 1390.0
2454328.71924 16.114 0.009 5.40 1196.0
2454329.54960 16.106 0.009 5.31 933.0
2454329.69763 16.124 0.009 5.28 992.0
2454330.47991 16.112 0.008 4.31 1048.0
2454330.71720 16.110 0.008 4.77 966.0
2454331.52206 16.129 0.007 3.74 904.0
2454332.53206 16.098 0.007 3.61 961.0
2454333.55706 16.128 0.009 5.09 1113.0
2454334.52979 16.099 0.008 4.58 1214.0
2454338.70508 16.127 0.011 5.53 1862.0
2454339.52332 16.098 0.008 4.17 1369.0
2454340.64350 16.116 0.007 3.74 1358.0
2454341.52757 16.105 0.009 5.47 1218.0
2454342.55961 16.111 0.008 4.78 1076.0
2454343.54347 16.110 0.007 3.88 1020.0
2454344.57304 16.099 0.008 4.47 1078.0
2454345.53514 16.123 0.007 3.78 1050.0
2454346.54474 16.113 0.009 5.20 1092.0
2454347.55908 16.105 0.008 4.98 992.0
2454349.52478 16.102 0.008 4.43 907.0
2454350.57824 16.109 0.007 3.93 940.0
2454351.52995 16.106 0.008 4.23 944.0
2454352.58627 16.096 0.010 6.55 1021.0
2454353.54961 16.115 0.008 4.90 1171.0
2454354.56899 16.109 0.008 4.85 997.0
2454355.57683 16.104 0.009 5.64 1102.0
2454356.53402 16.097 0.009 5.38 1012.0
2454357.50542 16.107 0.009 5.50 1038.0
2454358.54884 16.101 0.008 4.99 1047.0
2454359.51780 16.093 0.009 5.87 1068.0
2454361.53114 16.093 0.010 6.10 1237.0
2454362.54852 16.091 0.011 5.56 1969.0
2454365.58677 16.100 0.009 4.86 1479.0
2454367.54018 16.101 0.009 4.78 1347.0
2454368.51313 16.116 0.010 5.85 1287.0
2454369.59229 16.116 0.011 6.22 1558.0
2454370.51949 16.110 0.007 3.62 1247.0
2454371.49457 16.104 0.008 4.59 1096.0
2454372.54370 16.118 0.007 3.80 991.0
2454373.53475 16.111 0.009 5.23 1158.0
2454377.50799 16.101 0.008 4.47 1088.0
2454378.54234 16.103 0.008 4.32 995.0
2454379.56433 16.125 0.011 6.80 1126.0
2454380.49981 16.099 0.008 4.13 1089.0
2454381.54745 16.125 0.010 5.84 1337.0
2454382.53397 16.095 0.010 5.96 1227.0
2454383.53817 16.093 0.009 5.34 1266.0
2454384.51258 16.116 0.010 6.39 1061.0
2454388.58362 16.095 0.010 5.98 1403.0
2454393.55465 16.098 0.008 3.99 1424.0
2454394.52785 16.107 0.008 3.93 1332.0
2454395.56402 16.116 0.009 4.83 1458.0
2454396.53381 16.106 0.010 5.26 1693.0
2454397.55750 16.109 0.010 5.63 1692.0
2454398.56284 16.102 0.009 4.70 1753.0
2454399.51278 16.096 0.010 5.27 1469.0
2454400.55725 16.074 0.011 6.28 2002.0
2454403.51114 16.104 0.010 5.90 1321.0
2454409.52856 16.086 0.010 5.72 1643.0
2454507.88682 16.003 0.009 5.29 1957.0
2454511.85403 16.008 0.007 4.29 975.0
2454511.87384 16.023 0.006 3.95 945.0
2454513.88522 16.013 0.006 4.07 1098.0
2454517.88434 16.021 0.008 5.23 1364.0
2454521.82367 16.013 0.009 5.55 1405.0
2454523.89609 16.018 0.008 4.96 1173.0
2454525.84000 16.015 0.010 4.20 3056.0
2454530.90558 16.045 0.007 3.63 1495.0
2454531.84788 16.026 0.007 4.54 1064.0
2454534.86950 16.038 0.009 6.17 849.0
2454536.80154 16.052 0.009 6.18 1073.0
2454537.86168 16.053 0.006 3.72 811.0
2454538.89408 16.073 0.007 4.09 972.0
2454539.88018 16.047 0.007 4.38 887.0
2454540.82410 16.058 0.007 3.70 960.0
2454541.81663 16.047 0.006 3.87 872.0
2454542.81139 16.045 0.007 4.84 946.0
2454543.80690 16.039 0.006 3.96 950.0
2454544.80386 16.051 0.007 4.45 1101.0
2454545.76800 16.014 0.008 5.46 1278.0
2454546.77465 16.036 0.007 4.42 1255.0
2454547.74937 16.056 0.008 4.90 1452.0
2454548.84166 16.070 0.009 5.83 1127.0
2454548.89259 16.055 0.009 6.27 1111.0
2454550.77172 16.054 0.009 6.41 1164.0
2454551.79281 16.079 0.008 3.96 2363.0
2454552.74205 16.082 0.012 6.15 2272.0
2454556.78144 16.047 0.007 4.68 856.0
2454557.80259 16.065 0.007 4.65 889.0
2454558.73225 16.071 0.007 4.77 890.0
2454559.77311 16.072 0.007 4.34 790.0
2454560.77350 16.056 0.007 5.17 790.0
2454561.76280 16.068 0.006 3.50 857.0
2454564.75306 16.072 0.007 4.51 810.0
2454565.75109 16.084 0.006 3.80 825.0
2454566.75054 16.077 0.006 3.54 881.0
2454567.75048 16.080 0.007 4.13 856.0
2454568.75999 16.065 0.007 3.86 931.0
2454569.76762 16.068 0.007 4.77 846.0
2454570.75568 16.081 0.007 5.02 845.0
2454571.74735 16.082 0.008 5.84 990.0
2454572.77419 16.069 0.007 3.93 1004.0
2454573.76234 16.080 0.007 4.46 997.0
2454574.76492 16.068 0.007 4.54 1078.0
2454574.91294 16.074 0.007 4.35 1032.0
2454575.77372 16.060 0.007 4.19 1119.0
2454576.79285 16.075 0.006 3.14 1208.0
2454576.88362 16.096 0.008 4.45 1197.0
2454576.91524 16.074 0.008 4.41 1416.0
2454577.86192 16.079 0.007 4.06 1179.0
2454577.91795 16.081 0.007 3.67 1222.0
2454578.81626 16.085 0.008 4.96 1168.0
2454579.89009 16.101 0.009 4.44 2001.0
2454583.76032 16.072 0.008 4.58 1388.0
2454585.78727 16.072 0.008 5.32 1117.0
2454586.76338 16.078 0.008 5.54 960.0
2454587.79695 16.090 0.008 5.45 942.0
2454588.67211 16.090 0.008 5.83 1033.0
2454588.90459 16.076 0.007 4.10 976.0
2454589.71854 16.085 0.007 4.00 929.0
2454589.87384 16.088 0.008 5.31 964.0
2454589.93573 16.067 0.010 4.83 1998.0
2454590.72732 16.074 0.007 4.52 955.0
2454590.92927 16.094 0.007 4.14 1257.0
2454591.66843 16.081 0.007 4.35 1190.0
2454591.87977 16.084 0.007 4.32 1098.0
2454592.68864 16.079 0.006 3.45 1188.0
2454592.87794 16.075 0.008 4.49 1298.0
2454593.67783 16.086 0.007 4.23 985.0
2454593.88766 16.082 0.007 4.05 1109.0
2454593.92752 16.087 0.008 4.39 1206.0
2454594.69908 16.099 0.007 4.52 902.0
2454594.89391 16.084 0.008 5.15 1072.0
2454595.69162 16.094 0.007 4.73 910.0
2454595.88290 16.091 0.007 4.77 932.0
2454596.68346 16.081 0.007 4.68 908.0
2454597.70811 16.076 0.007 4.77 909.0
2454597.89972 16.088 0.007 4.54 1032.0
2454598.68431 16.083 0.006 3.74 767.0
2454599.65681 16.091 0.008 4.59 947.0
2454600.66918 16.077 0.006 4.09 840.0
2454600.87786 16.093 0.007 3.76 1093.0
2454601.67171 16.097 0.006 3.54 948.0
2454601.88796 16.092 0.007 3.80 854.0
2454602.66427 16.095 0.006 3.79 908.0
2454602.88859 16.075 0.006 3.93 946.0
2454603.87568 16.091 0.008 4.69 976.0
2454606.67211 16.089 0.007 3.63 1342.0
2454606.92731 16.082 0.008 4.09 1669.0
2454610.77454 16.076 0.009 3.54 3083.0
2454611.65095 16.089 0.008 4.58 1055.0
2454611.79982 16.093 0.007 4.00 1080.0
2454612.67247 16.084 0.007 3.82 1046.0
2454615.81477 16.104 0.008 5.31 994.0
2454616.62644 16.093 0.007 4.57 971.0
2454616.84274 16.101 0.008 5.47 915.0
2454617.72735 16.094 0.007 3.93 894.0
2454618.63502 16.108 0.007 4.96 818.0
2454622.64858 16.091 0.008 4.71 933.0
2454622.83351 16.097 0.009 5.84 982.0
2454623.69521 16.101 0.008 5.17 847.0
2454623.89282 16.097 0.010 5.91 1232.0
2454624.61669 16.084 0.008 5.58 1062.0
2454624.83669 16.081 0.007 4.66 930.0
2454624.90574 16.077 0.008 5.48 1025.0
2454625.62709 16.087 0.008 5.54 889.0
2454625.84646 16.097 0.009 5.65 1006.0
2454625.93501 16.099 0.009 5.96 1163.0
2454626.64770 16.083 0.008 6.01 854.0
2454627.58568 16.094 0.007 4.10 938.0
2454627.87511 16.101 0.007 4.09 789.0
2454628.59265 16.089 0.007 4.80 954.0
2454628.78239 16.079 0.008 5.21 878.0
2454628.84472 16.097 0.008 5.01 859.0
2454628.91894 16.102 0.008 4.90 1037.0
2454629.65547 16.094 0.007 4.07 784.0
2454629.86312 16.093 0.007 4.46 1014.0
2454630.59053 16.104 0.007 4.10 975.0
2454630.80630 16.088 0.007 4.19 929.0
2454630.87585 16.079 0.007 4.29 1039.0
2454631.61606 16.099 0.006 3.68 871.0
2454631.81475 16.115 0.007 3.76 949.0
2454631.89012 16.089 0.009 5.78 1231.0
2454632.59518 16.106 0.007 3.93 1016.0
2454632.88482 16.096 0.009 5.15 1362.0
2454633.59221 16.092 0.007 3.75 1145.0
2454633.70316 16.098 0.006 3.55 974.0
2454633.83658 16.100 0.007 4.17 1172.0
2454638.77665 16.107 0.008 4.70 1229.0
2454639.60031 16.104 0.007 3.81 1234.0
2454639.69781 16.099 0.007 3.93 1190.0
2454640.61843 16.099 0.007 4.49 915.0
2454640.75034 16.091 0.007 4.44 885.0
2454640.76506 16.106 0.007 4.34 881.0
2454641.69400 16.091 0.007 4.21 928.0
2454641.80609 16.121 0.008 4.90 1064.0
2454642.61644 16.107 0.007 3.95 872.0
2454642.77863 16.102 0.008 5.09 934.0
2454642.85775 16.098 0.008 5.25 1315.0
2454643.57571 16.103 0.007 4.39 857.0
2454644.62419 16.086 0.007 4.68 923.0
2454645.55455 16.104 0.008 5.17 1136.0
2454645.80226 16.111 0.008 4.94 993.0
2454645.86781 16.100 0.009 5.74 1266.0
2454646.54960 16.118 0.007 3.76 1046.0
2454646.87534 16.095 0.008 4.95 1273.0
2454647.54591 16.104 0.008 3.92 1333.0
2454647.76210 16.107 0.008 4.59 1007.0
2454647.78631 16.075 0.008 4.98 1023.0
2454648.54300 16.121 0.008 4.42 1118.0
2454648.79687 16.106 0.008 5.17 944.0
2454648.87148 16.097 0.009 5.49 1280.0
2454649.55321 16.095 0.008 4.90 1012.0
2454649.77959 16.100 0.007 4.47 935.0
2454650.55435 16.107 0.007 4.24 1165.0
2454650.81746 16.104 0.009 5.45 986.0
2454651.53778 16.094 0.008 5.15 1125.0
2454652.52925 16.111 0.008 4.66 1242.0
2454652.74346 16.092 0.007 4.49 919.0
2454653.52490 16.107 0.009 5.72 1255.0
2454653.74413 16.119 0.008 4.59 1004.0
2454654.56398 16.100 0.008 5.05 953.0
2454654.77857 16.097 0.008 4.72 1009.0
2454655.52474 16.101 0.008 4.31 1301.0
2454655.74934 16.112 0.007 4.13 880.0
2454656.52668 16.097 0.007 3.91 998.0
2454656.71654 16.101 0.007 4.03 1076.0
2454656.83588 16.099 0.009 5.03 1500.0
2454657.75510 16.092 0.009 5.98 1007.0
2454658.68532 16.097 0.009 5.69 1071.0
2454660.63758 16.092 0.007 4.54 1063.0
2454661.51478 16.106 0.008 4.46 1384.0
2454661.71547 16.098 0.008 4.54 1161.0
2454661.78249 16.110 0.009 4.83 1287.0
2454665.68241 16.106 0.008 3.95 1887.0
2454666.58772 16.108 0.007 3.79 1331.0
2454666.68866 16.112 0.008 4.82 1257.0
2454666.73091 16.123 0.008 4.70 1247.0
2454666.80325 16.088 0.011 6.68 1473.0
2454670.58430 16.097 0.008 6.03 915.0
2454671.60790 16.110 0.006 3.85 756.0
2454671.78000 16.098 0.009 6.07 1022.0
2454672.53375 16.107 0.007 3.76 876.0
2454672.68393 16.120 0.007 4.02 902.0
2454672.76910 16.110 0.009 5.64 1108.0
2454674.53955 16.100 0.008 5.00 916.0
2454674.72976 16.083 0.009 6.17 922.0
2454677.51312 16.119 0.007 4.17 1021.0
2454677.59708 16.117 0.008 5.37 811.0
2454677.75264 16.108 0.008 5.62 908.0
2454679.65189 16.095 0.009 6.50 800.0
2454681.56153 16.113 0.007 4.72 866.0
2454681.65453 16.110 0.008 5.12 810.0
2454681.74478 16.115 0.008 4.64 970.0
2454682.57907 16.102 0.008 4.67 908.0
2454682.68282 16.120 0.007 4.31 839.0
2454683.54415 16.097 0.009 5.78 1056.0
2454683.73277 16.110 0.008 5.21 883.0
2454684.53674 16.115 0.007 3.59 1187.0
2454684.70812 16.123 0.007 4.22 928.0
2454685.47934 16.106 0.010 5.85 1217.0
2454685.75684 16.118 0.008 5.30 1101.0
2454686.52545 16.112 0.008 4.34 1022.0
2454687.52881 16.108 0.008 5.26 958.0
2454687.76471 16.111 0.008 5.46 1170.0
2454688.52213 16.122 0.007 4.20 978.0
2454688.71182 16.111 0.008 4.59 995.0
2454693.56977 16.117 0.007 4.29 1186.0
2454694.63094 16.128 0.010 5.92 1296.0
2454697.52556 16.118 0.008 5.24 1013.0
2454698.53099 16.118 0.007 3.61 886.0
2454699.52915 16.112 0.007 4.24 955.0
2454700.53358 16.134 0.007 3.84 955.0
2454701.52884 16.111 0.008 4.53 1018.0
2454702.54509 16.129 0.008 5.29 891.0
2454703.61255 16.112 0.009 5.91 925.0
2454704.66792 16.117 0.008 5.07 902.0
2454705.59618 16.113 0.008 5.32 944.0
2454707.62439 16.122 0.007 4.49 845.0
2454708.57629 16.121 0.008 5.07 898.0
2454709.54037 16.092 0.010 6.38 1028.0
2454710.58112 16.120 0.007 4.80 982.0
2454715.61538 16.125 0.009 6.01 1035.0
2454716.48861 16.115 0.007 3.69 1126.0
2454716.61303 16.100 0.009 4.88 1568.0
2454720.53078 16.108 0.009 5.13 1294.0
2454720.54486 16.111 0.009 5.45 1294.0
2454721.53106 16.099 0.010 6.22 1290.0
2454722.49685 16.089 0.009 6.05 1178.0
2454724.53356 16.091 0.009 5.27 1263.0
2454725.51226 16.130 0.008 4.64 1214.0
2454726.50837 16.113 0.010 6.44 1062.0
2454728.62610 16.105 0.009 5.83 1162.0
2454729.49380 16.105 0.009 5.98 964.0
2454729.52906 16.129 0.010 6.82 979.0
2454729.61307 16.129 0.009 5.54 1099.0
2454730.49523 16.125 0.007 4.53 986.0
2454731.60219 16.104 0.009 5.88 899.0
2454733.55064 16.108 0.008 5.16 936.0
2454734.57997 16.114 0.008 5.00 998.0
2454737.56860 16.112 0.010 6.60 898.0
2454740.58147 16.126 0.009 5.70 1016.0
2454753.57249 16.111 0.009 5.85 1325.0
2454758.53825 16.121 0.008 4.09 1253.0
2454776.52464 16.107 0.011 6.62 1522.0
2454778.52991 16.141 0.010 6.24 1329.0
2454869.87405 16.105 0.008 5.37 1191.0
2454872.86644 16.092 0.009 5.57 1527.0
2454873.88825 16.109 0.009 4.40 2006.0
2454875.88807 16.111 0.008 4.63 1399.0
2454878.86216 16.127 0.008 4.43 1345.0
2454884.87881 16.139 0.008 4.49 1042.0
