2452125.49137 17.780 0.038 5.58 1659.0
2452129.57769 17.766 0.024 4.25 863.0
2452132.52241 17.844 0.022 4.17 671.0
2452135.64917 17.828 0.020 4.14 699.0
2452140.61788 17.838 0.027 5.42 695.0
2452143.72353 17.831 0.029 5.48 717.0
2452158.54976 17.796 0.020 4.33 629.0
2452167.50518 17.814 0.026 5.68 646.0
2452172.52082 17.732 0.029 5.74 761.0
2452175.53269 17.811 0.038 4.88 1953.0
2452185.54910 17.818 0.028 5.08 982.0
2452329.88272 17.829 0.022 3.52 868.0
2452346.87522 17.803 0.021 3.90 723.0
2452352.82952 17.762 0.032 6.25 762.0
2452361.82383 17.782 0.026 4.58 887.0
2452371.88457 17.731 0.021 4.64 663.0
2452381.90311 17.812 0.021 3.90 637.0
2452385.91296 17.784 0.021 3.94 776.0
2452389.92391 17.819 0.024 4.14 803.0
2452391.81751 17.820 0.039 6.32 1151.0
2452397.87007 17.817 0.023 3.68 867.0
2452401.73009 17.792 0.021 4.09 666.0
2452403.78884 17.862 0.020 3.57 641.0
2452405.75056 17.838 0.025 4.95 642.0
2452415.82383 17.850 0.026 4.60 781.0
2452424.70252 17.869 0.026 4.12 1009.0
2452428.66604 17.817 0.028 6.06 641.0
2452432.72947 17.734 0.038 7.65 756.0
2452433.92011 17.791 0.042 6.37 1319.0
2452434.59384 17.818 0.029 4.99 859.0
2452436.64710 17.776 0.022 4.32 738.0
2452438.66275 17.806 0.022 4.52 609.0
2452440.65542 17.817 0.026 5.15 666.0
2452444.78297 17.779 0.023 4.26 750.0
2452446.78859 17.758 0.026 4.53 1013.0
2452453.76195 17.825 0.024 4.51 788.0
2452456.52361 17.842 0.028 5.98 696.0
2452458.63781 17.808 0.023 4.98 524.0
2452462.59194 17.799 0.019 3.99 548.0
2452464.66104 17.762 0.020 4.15 550.0
2452467.56764 17.832 0.021 3.96 618.0
2452469.55489 17.820 0.020 3.82 628.0
2452471.68987 17.795 0.016 3.36 566.0
2452473.54290 17.834 0.028 5.02 769.0
2452483.62353 17.805 0.026 4.53 700.0
2452486.60666 17.800 0.024 5.12 537.0
2452490.57365 17.805 0.025 5.25 561.0
2452493.53183 17.815 0.023 4.23 740.0
2452495.60800 17.811 0.023 4.38 617.0
2452497.66236 17.775 0.022 4.25 677.0
2452499.71031 17.821 0.020 3.96 666.0
2452501.72815 17.820 0.022 4.19 707.0
2452508.54505 17.832 0.027 4.71 888.0
2452511.72601 17.755 0.048 7.73 1184.0
2452518.65125 17.816 0.027 5.37 608.0
2452521.65773 17.799 0.027 5.26 679.0
2452524.49732 17.757 0.023 4.75 696.0
2452529.62091 17.847 0.026 4.48 836.0
2452537.56498 17.749 0.033 6.06 897.0
2452541.53323 17.805 0.022 3.73 923.0
2452546.59887 17.793 0.029 5.45 833.0
2452551.51060 17.780 0.028 5.06 808.0
2452555.60705 17.816 0.034 6.12 806.0
2452562.56077 17.846 0.034 4.98 1426.0
2452573.52825 17.858 0.037 5.09 1443.0
2452704.90146 17.788 0.019 3.86 675.0
2452713.88337 17.818 0.021 4.58 543.0
2452728.82511 17.787 0.027 5.76 660.0
2452733.79791 17.740 0.024 4.52 851.0
2452744.78128 17.804 0.021 3.82 765.0
2452752.84507 17.787 0.025 4.70 822.0
2452756.82446 17.775 0.024 4.90 696.0
2452760.78963 17.878 0.028 5.24 828.0
2452766.81740 17.800 0.019 3.61 633.0
2452770.70372 17.842 0.028 4.89 834.0
2452782.94182 17.895 0.046 6.11 1451.0
2452785.89855 17.842 0.030 4.48 1240.0
2452786.78470 17.810 0.026 4.80 892.0
2452789.81750 17.783 0.023 4.28 744.0
2452790.69514 17.818 0.020 3.84 616.0
2452795.61045 17.812 0.024 5.29 628.0
2452797.59858 17.787 0.020 3.94 754.0
2452802.80568 17.781 0.029 4.85 1000.0
2452808.83247 17.794 0.032 5.27 1071.0
2452810.75407 17.793 0.023 4.40 735.0
2452811.80967 17.833 0.024 4.30 786.0
2452813.60606 17.821 0.027 5.38 676.0
2452815.72676 17.822 0.020 3.83 590.0
2452817.68040 17.786 0.028 5.60 705.0
2452818.74290 17.863 0.023 4.25 626.0
2452820.61135 17.806 0.025 4.41 857.0
2452821.63955 17.819 0.024 4.43 668.0
2452826.60532 17.818 0.025 4.61 714.0
2452835.60300 17.803 0.039 6.17 1175.0
2452837.51843 17.782 0.039 6.54 1008.0
2452839.55188 17.753 0.028 5.41 722.0
2452840.71102 17.805 0.023 4.07 776.0
2452840.72139 17.798 0.027 4.92 843.0
2452843.48834 17.723 0.030 6.10 928.0
2452844.76958 17.778 0.022 4.34 650.0
2452849.68368 17.798 0.024 4.86 660.0
2452851.70474 17.828 0.031 5.65 748.0
2452853.70667 17.787 0.024 4.54 737.0
2452856.59089 17.813 0.026 4.44 852.0
2452858.55700 17.771 0.024 4.25 895.0
2452860.70807 17.797 0.039 3.91 3055.0
2452863.63062 17.754 0.029 4.54 1211.0
2452866.71939 17.776 0.027 5.06 856.0
2452869.61291 17.803 0.023 4.36 608.0
2452872.63414 17.841 0.019 3.59 556.0
2452877.57382 17.779 0.023 4.26 629.0
2452882.63687 17.822 0.017 4.04 521.0
2452892.52667 17.800 0.027 4.57 878.0
2452895.67702 17.786 0.023 4.11 973.0
2452900.53857 17.824 0.029 5.11 774.0
2452905.59247 17.785 0.028 5.42 818.0
2452911.50832 17.797 0.034 6.38 772.0
2452916.57674 17.822 0.034 4.65 1481.0
2452929.53699 17.868 0.041 6.36 971.0
2453050.85123 17.879 0.033 5.03 1147.0
2453058.81644 17.896 0.028 5.04 882.0
2453061.88085 17.818 0.024 4.59 692.0
2453067.81727 17.831 0.024 4.73 705.0
2453069.89096 17.851 0.020 3.80 553.0
2453072.85577 17.793 0.019 3.37 740.0
2453074.89526 17.813 0.022 4.31 653.0
2453079.80217 17.834 0.025 3.21 1612.0
2453081.90613 17.793 0.026 5.05 761.0
2453084.76181 17.804 0.020 3.98 558.0
2453086.75667 17.844 0.019 3.88 589.0
2453087.86091 17.831 0.022 5.31 529.0
2453089.77755 17.814 0.020 3.76 623.0
2453091.73955 17.791 0.022 4.49 603.0
2453096.76651 17.819 0.025 5.19 689.0
2453098.77091 17.774 0.022 4.32 725.0
2453100.88717 17.815 0.020 4.11 683.0
2453102.76647 17.826 0.024 3.78 952.0
2453103.91961 17.808 0.027 4.48 1004.0
2453107.76637 17.804 0.021 4.38 588.0
2453108.83649 17.772 0.019 4.02 642.0
2453109.90611 17.787 0.020 4.59 648.0
2453110.75569 17.800 0.022 4.21 821.0
2453111.81319 17.758 0.022 5.02 585.0
2453113.79237 17.819 0.020 4.38 471.0
2453114.73068 17.821 0.020 4.08 553.0
2453115.79258 17.870 0.021 4.40 567.0
2453118.84926 17.806 0.025 4.93 704.0
2453122.79959 17.823 0.029 6.25 561.0
2453125.77706 17.761 0.028 5.93 635.0
2453126.78724 17.832 0.020 3.92 668.0
2453127.71697 17.863 0.023 3.82 755.0
2453128.73657 17.778 0.024 4.88 757.0
2453129.71942 17.802 0.026 3.97 1060.0
2453130.89085 17.869 0.030 4.43 1216.0
2453134.68968 17.770 0.043 4.23 2798.0
2453137.73594 17.847 0.028 6.05 634.0
2453138.84344 17.810 0.020 3.92 592.0
2453139.77924 17.846 0.021 4.57 498.0
2453140.79144 17.853 0.019 3.67 553.0
2453142.65004 17.851 0.023 5.00 566.0
2453142.90621 17.799 0.023 4.27 820.0
2453144.71367 17.822 0.020 4.61 484.0
2453146.67630 17.705 0.023 5.70 566.0
2453151.67051 17.774 0.030 6.67 572.0
2453152.67569 17.847 0.022 4.19 595.0
2453152.88859 17.788 0.027 5.62 656.0
2453153.67861 17.815 0.025 5.36 565.0
2453154.62126 17.742 0.033 7.10 726.0
2453156.66975 17.835 0.024 4.55 766.0
2453158.75447 17.723 0.028 5.17 971.0
2453162.72522 17.841 0.023 3.70 890.0
2453163.68905 17.807 0.020 4.24 592.0
2453164.65632 17.801 0.021 4.24 571.0
2453165.82432 17.783 0.016 3.06 786.0
2453166.66218 17.746 0.032 6.67 650.0
2453166.68600 17.767 0.029 6.35 638.0
2453166.71102 17.755 0.027 5.71 659.0
2453166.73748 17.773 0.029 5.92 657.0
2453166.75627 17.743 0.031 6.15 728.0
2453166.77827 17.713 0.032 6.88 718.0
2453166.80324 17.733 0.033 7.13 650.0
2453166.82137 17.746 0.037 7.40 678.0
2453166.85253 17.803 0.035 6.56 806.0
2453166.86530 17.796 0.037 6.87 785.0
2453166.88353 17.893 0.036 6.62 754.0
2453166.91301 17.761 0.037 7.35 851.0
2453167.54650 17.874 0.043 7.64 805.0
2453167.59940 17.805 0.027 5.81 567.0
2453167.68901 17.797 0.025 5.74 510.0
2453167.76064 17.808 0.026 5.86 532.0
2453167.87160 17.855 0.027 5.44 603.0
2453168.53457 17.756 0.031 6.35 711.0
2453168.61582 17.823 0.020 4.76 493.0
2453168.76142 17.770 0.020 4.62 584.0
2453168.89049 17.837 0.026 4.67 822.0
2453169.53402 17.772 0.023 4.34 804.0
2453169.64143 17.792 0.020 3.67 579.0
2453169.80443 17.764 0.024 4.97 610.0
2453169.89890 17.796 0.027 5.06 849.0
2453170.58142 17.812 0.022 4.98 507.0
2453170.71447 17.811 0.021 4.42 513.0
2453170.81849 17.807 0.019 3.84 565.0
2453171.57723 17.813 0.020 4.00 601.0
2453171.66945 17.776 0.018 4.05 478.0
2453172.52666 17.871 0.024 4.48 675.0
2453172.64930 17.799 0.018 3.84 512.0
2453173.75403 17.745 0.025 5.54 599.0
2453174.51336 17.832 0.027 5.03 857.0
2453174.63370 17.838 0.019 3.70 599.0
2453175.54198 17.800 0.022 4.41 709.0
2453175.63551 17.885 0.021 3.53 686.0
2453176.52979 17.819 0.038 6.75 887.0
2453176.66964 17.752 0.024 5.61 496.0
2453176.68677 17.790 0.027 6.20 500.0
2453177.68508 17.794 0.032 7.02 631.0
2453178.54633 17.912 0.028 5.08 705.0
2453178.69809 17.850 0.025 4.75 676.0
2453179.73514 17.772 0.019 4.72 483.0
2453180.62366 17.809 0.016 3.26 504.0
2453182.68931 17.848 0.021 4.61 485.0
2453183.63840 17.822 0.021 4.44 544.0
2453184.60925 17.818 0.018 3.82 475.0
2453185.77456 17.745 0.021 4.34 679.0
2453193.79281 17.782 0.022 4.71 579.0
2453194.65906 17.758 0.025 5.07 706.0
2453195.59024 17.855 0.021 4.39 576.0
2453196.66621 17.824 0.022 4.52 571.0
2453197.66911 17.865 0.026 5.19 522.0
2453199.70073 17.776 0.020 4.96 428.0
2453202.68851 17.805 0.023 5.33 533.0
2453203.73374 17.810 0.018 3.80 487.0
2453204.72942 17.822 0.020 3.77 521.0
2453205.60780 17.835 0.017 4.07 401.0
2453206.58488 17.811 0.018 4.41 451.0
2453210.69597 17.804 0.022 4.81 557.0
2453211.60094 17.866 0.025 5.91 491.0
2453212.58650 17.898 0.035 7.04 598.0
2453217.57574 17.929 0.053 3.50 5833.0
2453218.57496 17.762 0.028 5.10 951.0
2453223.57123 17.762 0.029 7.06 621.0
2453226.53520 17.790 0.023 5.20 492.0
2453228.66443 17.811 0.026 5.71 490.0
2453229.54829 17.830 0.025 5.23 588.0
2453230.58717 17.824 0.017 3.67 486.0
2453231.48812 17.753 0.023 4.86 680.0
2453240.69674 17.719 0.030 6.98 642.0
2453241.58108 17.788 0.035 4.97 1526.0
2453244.67849 17.780 0.037 4.78 2203.0
2453246.56506 17.773 0.031 6.34 700.0
2453247.69314 17.841 0.039 6.51 962.0
2453248.58989 17.747 0.026 5.54 649.0
2453250.57717 17.839 0.025 4.82 688.0
2453253.56900 17.805 0.022 5.28 438.0
2453256.54454 17.855 0.030 6.20 533.0
2453259.54527 17.810 0.028 5.92 561.0
2453262.55687 17.783 0.024 4.67 733.0
2453266.57051 17.823 0.034 6.75 680.0
2453268.63566 17.790 0.028 5.56 746.0
2453272.52583 17.738 0.022 4.30 833.0
2453274.54992 17.777 0.029 5.91 772.0
2453278.50027 17.752 0.024 4.71 639.0
2453281.52250 17.796 0.029 6.61 462.0
2453287.53294 17.711 0.023 5.44 602.0
2453292.52170 17.853 0.025 5.68 508.0
2453414.88507 17.831 0.022 4.65 650.0
2453419.89237 17.822 0.021 3.87 805.0
2453424.88931 17.807 0.020 3.98 723.0
2453428.83103 17.786 0.022 4.14 768.0
2453430.87431 17.807 0.018 3.79 619.0
2453442.81065 17.865 0.026 5.78 557.0
2453444.86474 17.799 0.021 4.60 555.0
2453446.89340 17.823 0.021 4.29 501.0
2453449.78314 17.877 0.023 5.03 543.0
2453452.80802 17.845 0.022 4.58 611.0
2453454.86522 17.799 0.025 4.72 871.0
2453457.79989 17.825 0.020 3.92 686.0
2453458.79399 17.744 0.021 4.38 743.0
2453458.84325 17.802 0.021 4.19 739.0
2453467.85135 17.866 0.020 4.34 452.0
2453469.75705 17.805 0.018 4.17 498.0
2453471.84696 17.758 0.025 5.84 537.0
2453472.91428 17.809 0.018 3.86 488.0
2453473.75163 17.799 0.021 5.01 475.0
2453475.77481 17.798 0.019 4.50 451.0
2453477.86192 17.748 0.021 4.64 524.0
2453479.81117 17.736 0.015 3.88 425.0
2453481.71058 17.775 0.021 4.57 567.0
2453483.87016 17.823 0.020 3.97 689.0
2453496.83347 17.883 0.023 4.57 661.0
2453497.70756 17.866 0.025 5.15 653.0
2453500.77168 17.806 0.019 3.81 526.0
2453501.76537 17.786 0.018 4.05 613.0
2453502.79610 17.772 0.017 3.41 603.0
2453503.75763 17.887 0.019 3.94 466.0
2453504.77407 17.754 0.020 4.69 447.0
2453506.90883 17.817 0.027 5.60 638.0
2453508.86162 17.812 0.024 5.10 614.0
2453509.80894 17.841 0.018 4.21 529.0
2453510.82082 17.802 0.019 4.08 528.0
2453511.77295 17.790 0.019 4.02 621.0
2453512.64626 17.802 0.028 5.17 879.0
2453517.92979 17.838 0.026 4.29 973.0
2453520.63746 17.833 0.023 4.75 684.0
2453521.74318 17.833 0.020 3.71 704.0
2453522.65476 17.840 0.019 3.81 514.0
2453523.69487 17.778 0.016 3.76 456.0
2453524.73796 17.830 0.021 4.79 458.0
2453525.71546 17.848 0.018 3.87 421.0
2453525.79272 17.825 0.020 4.40 483.0
2453526.80201 17.825 0.019 4.11 463.0
2453528.75410 17.821 0.022 4.81 509.0
2453529.87898 17.723 0.020 4.41 573.0
2453530.57702 17.803 0.020 4.35 605.0
2453538.82359 17.767 0.020 4.40 577.0
2453539.60356 17.804 0.022 4.91 585.0
2453541.86376 17.772 0.021 3.90 890.0
2453547.68265 17.888 0.032 6.28 619.0
2453550.76971 17.794 0.017 3.83 483.0
2453551.74474 17.866 0.017 4.13 430.0
2453552.76680 17.793 0.022 4.96 547.0
2453553.66611 17.797 0.023 5.00 495.0
2453554.74643 17.832 0.023 4.96 503.0
2453556.62967 17.897 0.022 4.56 486.0
2453558.64640 17.811 0.018 4.29 426.0
2453559.72659 17.781 0.017 3.92 464.0
2453560.80112 17.823 0.020 4.51 442.0
2453561.65346 17.803 0.016 3.69 426.0
2453562.50853 17.825 0.019 3.97 606.0
2453563.56241 17.799 0.019 4.28 497.0
2453564.64974 17.853 0.021 4.61 470.0
2453569.74803 17.868 0.027 4.71 805.0
2453573.55998 17.764 0.028 5.64 772.0
2453574.61495 17.771 0.023 4.93 617.0
2453575.60362 17.863 0.018 3.61 546.0
2453576.57835 17.843 0.020 4.43 482.0
2453577.64389 17.830 0.020 4.42 472.0
2453578.59062 17.808 0.018 4.25 388.0
2453579.51908 17.791 0.017 3.92 461.0
2453580.55779 17.809 0.021 4.59 562.0
2453581.59809 17.836 0.021 4.48 513.0
2453582.54616 17.833 0.019 4.11 518.0
2453583.49592 17.788 0.022 4.86 556.0
2453584.57182 17.815 0.018 4.41 406.0
2453585.56255 17.815 0.017 4.01 434.0
2453586.54362 17.798 0.020 4.53 530.0
2453587.69585 17.776 0.024 5.84 435.0
2453589.60122 17.807 0.014 3.25 424.0
2453590.56969 17.819 0.019 3.94 494.0
2453592.58560 17.776 0.014 3.35 430.0
2453593.59089 17.843 0.018 3.93 477.0
2453601.55314 17.778 0.018 3.33 761.0
2453602.55244 17.708 0.023 4.88 729.0
2453603.55869 17.776 0.022 4.78 547.0
2453607.55921 17.810 0.018 4.08 476.0
2453608.55624 17.827 0.028 6.07 540.0
2453615.67728 17.710 0.026 6.59 525.0
2453616.54269 17.869 0.028 5.71 559.0
2453619.52649 17.858 0.023 4.50 708.0
2453620.63486 17.874 0.022 4.92 479.0
2453629.56568 17.847 0.025 4.54 762.0
2453632.48867 17.793 0.033 6.25 878.0
2453634.54673 17.901 0.023 4.78 530.0
2453640.49590 17.777 0.029 6.59 494.0
2453649.48954 17.832 0.032 6.37 634.0
2453653.56927 17.729 0.047 5.57 3117.0
2453658.50557 17.787 0.031 5.47 906.0
2453661.50138 17.780 0.034 5.65 1056.0
2453666.51277 17.754 0.022 3.93 921.0
2453774.88172 17.740 0.021 3.95 826.0
2453780.86150 17.784 0.026 4.72 1042.0
2453786.85240 17.874 0.028 4.82 883.0
2453790.85302 17.823 0.028 4.42 1107.0
2453793.84304 17.859 0.024 4.33 827.0
2453795.83370 17.876 0.029 5.31 809.0
2453797.82791 17.825 0.022 4.24 778.0
2453798.87610 17.802 0.020 4.29 591.0
2453801.79847 17.818 0.026 5.02 697.0
2453803.78866 17.814 0.022 3.60 864.0
2453804.83144 17.816 0.024 4.97 557.0
2453805.86887 17.812 0.021 4.12 639.0
2453806.86562 17.839 0.021 4.73 540.0
2453808.83861 17.732 0.023 4.57 816.0
2453809.84230 17.856 0.024 4.54 827.0
2453810.89038 17.832 0.022 4.04 847.0
2453811.91754 17.840 0.034 4.45 1807.0
2453813.90317 17.810 0.021 3.88 759.0
2453814.90076 17.794 0.020 4.33 712.0
2453818.81064 17.758 0.023 4.94 673.0
2453819.87429 17.825 0.018 3.99 537.0
2453820.83802 17.790 0.018 4.33 493.0
2453821.84220 17.809 0.018 4.23 524.0
2453822.89258 17.764 0.018 4.21 586.0
2453823.85653 17.843 0.020 4.40 516.0
2453824.85419 17.881 0.027 5.66 572.0
2453825.87604 17.837 0.022 4.62 589.0
2453826.85391 17.777 0.020 4.58 583.0
2453827.87681 17.825 0.019 4.30 508.0
2453828.85229 17.751 0.024 5.68 534.0
2453829.83047 17.858 0.020 4.28 515.0
2453830.82575 17.789 0.020 4.24 602.0
2453832.81456 17.775 0.018 3.80 521.0
2453832.85064 17.883 0.019 3.79 527.0
2453833.72576 17.825 0.019 4.28 546.0
2453834.86303 17.866 0.020 4.10 583.0
2453835.81352 17.804 0.018 3.89 564.0
2453836.81837 17.803 0.021 4.35 668.0
2453837.80844 17.837 0.021 3.88 670.0
2453838.81261 17.813 0.026 4.99 706.0
2453839.82473 17.848 0.024 4.24 788.0
2453840.81573 17.806 0.023 4.33 816.0
2453841.79388 17.836 0.023 4.11 868.0
2453845.79554 17.820 0.026 5.29 630.0
2453846.79913 17.750 0.019 4.22 535.0
2453847.88025 17.779 0.022 4.40 659.0
2453848.82293 17.861 0.019 3.96 543.0
2453849.83450 17.798 0.018 3.40 625.0
2453850.76895 17.769 0.021 4.24 613.0
2453851.77881 17.811 0.029 6.28 525.0
2453852.76736 17.838 0.023 4.63 576.0
2453853.76004 17.788 0.015 3.44 467.0
2453856.74896 17.851 0.021 3.77 626.0
2453858.80915 17.885 0.029 6.53 481.0
2453859.75918 17.838 0.022 5.22 486.0
2453860.89933 17.856 0.026 4.94 750.0
2453861.74122 17.811 0.022 4.51 533.0
2453862.75848 17.853 0.020 3.78 642.0
2453863.77018 17.781 0.017 3.57 563.0
2453864.75938 17.767 0.017 3.49 550.0
2453865.65025 17.822 0.023 4.48 805.0
2453866.65436 17.824 0.023 4.19 791.0
2453867.79772 17.833 0.022 3.58 811.0
2453868.65341 17.785 0.029 4.39 1200.0
2453869.81028 17.957 0.038 4.80 1375.0
2453873.63542 17.832 0.021 4.14 631.0
2453874.85744 17.803 0.021 4.17 662.0
2453875.62556 17.868 0.020 4.07 507.0
2453877.62086 17.849 0.018 4.35 479.0
2453880.73193 17.780 0.019 4.42 502.0
2453881.73169 17.865 0.019 3.76 600.0
2453882.66674 17.790 0.018 3.77 533.0
2453883.71930 17.797 0.021 4.57 518.0
2453886.68095 17.804 0.019 4.54 481.0
2453887.67363 17.833 0.017 3.88 476.0
2453889.82842 17.886 0.022 4.24 624.0
2453890.61903 17.838 0.023 4.44 701.0
2453891.75176 17.829 0.022 4.79 538.0
2453892.81372 17.853 0.021 4.39 594.0
2453893.70869 17.835 0.027 5.97 510.0
2453894.75036 17.771 0.025 5.83 545.0
2453896.69867 17.831 0.024 4.57 818.0
2453900.60657 17.833 0.024 4.41 830.0
2453901.62320 17.816 0.023 4.69 650.0
2453902.63777 17.821 0.020 4.06 592.0
2453903.74802 17.827 0.025 5.14 603.0
2453904.62085 17.798 0.018 4.01 512.0
2453905.62108 17.813 0.018 3.82 517.0
2453906.60921 17.762 0.022 4.42 606.0
2453907.67039 17.718 0.026 5.96 567.0
2453908.60573 17.707 0.018 3.79 695.0
2453909.60515 17.755 0.017 3.97 537.0
2453910.66635 17.794 0.020 4.42 489.0
2453912.60660 17.871 0.016 3.23 543.0
2453913.60414 17.827 0.016 3.48 445.0
2453914.62224 17.801 0.018 4.00 543.0
2453915.60205 17.802 0.020 4.59 501.0
2453916.67787 17.851 0.020 4.42 523.0
2453917.69369 17.895 0.024 4.93 582.0
2453918.69632 17.733 0.018 3.88 518.0
2453919.63348 17.784 0.023 5.10 553.0
2453920.58549 17.784 0.023 5.26 514.0
2453920.86305 17.780 0.021 4.25 779.0
2453921.59759 17.781 0.029 5.91 699.0
2453931.58364 17.829 0.025 4.83 677.0
2453931.72124 17.829 0.022 4.41 600.0
2453932.67904 17.821 0.019 3.87 589.0
2453933.58781 17.820 0.017 3.53 563.0
2453934.55847 17.814 0.019 3.63 623.0
2453935.63667 17.817 0.020 4.80 447.0
2453936.55900 17.828 0.021 4.40 574.0
2453937.63459 17.889 0.023 4.40 555.0
2453938.56765 17.787 0.022 4.40 620.0
2453940.70791 17.779 0.016 3.91 412.0
2453944.64944 17.782 0.018 5.02 443.0
2453945.58909 17.812 0.022 4.66 598.0
2453946.58633 17.809 0.024 5.20 545.0
2453950.59859 17.738 0.018 4.14 526.0
2453951.62763 17.830 0.022 4.52 607.0
2453956.63525 17.923 0.034 5.45 938.0
2453957.57309 17.722 0.031 5.59 1246.0
2453958.65349 17.814 0.026 4.92 787.0
2453959.58553 17.799 0.026 5.50 599.0
2453960.57377 17.805 0.017 3.79 470.0
2453963.61514 17.758 0.017 3.80 508.0
2453964.60319 17.803 0.017 3.82 462.0
2453965.59174 17.778 0.017 4.02 478.0
2453966.57966 17.785 0.019 3.96 538.0
2453967.61205 17.804 0.024 5.37 529.0
2453968.56613 17.733 0.020 4.33 564.0
2453969.57365 17.806 0.019 4.27 494.0
2453970.58680 17.843 0.025 5.58 428.0
2453971.61853 17.801 0.030 6.66 521.0
2453973.64821 17.801 0.022 5.47 471.0
2453974.58403 17.759 0.022 5.38 517.0
2453975.57558 17.823 0.019 4.18 519.0
2453976.57312 17.823 0.020 4.34 532.0
2453979.59192 17.726 0.028 6.72 571.0
2453982.52443 17.741 0.029 6.21 800.0
2453986.64974 17.734 0.031 6.50 850.0
2453987.56970 17.805 0.022 4.31 735.0
2453988.58697 17.805 0.016 3.62 540.0
2453989.65238 17.726 0.031 6.97 728.0
2453991.54543 17.798 0.024 5.36 563.0
2453994.62434 17.842 0.032 6.95 606.0
2453995.64834 17.766 0.025 5.59 663.0
2453999.54804 17.815 0.024 5.16 556.0
2454001.57147 17.824 0.021 3.98 658.0
2454002.57242 17.776 0.018 4.24 518.0
2454004.59114 17.902 0.039 7.41 638.0
2454005.60657 17.760 0.024 5.05 651.0
2454006.59217 17.785 0.021 4.46 619.0
2454015.53583 17.844 0.036 6.29 844.0
2454017.51050 17.796 0.022 4.62 625.0
2454019.51469 17.885 0.028 5.18 692.0
2454021.52070 17.884 0.036 6.07 876.0
2454024.55032 17.781 0.026 5.43 668.0
2454026.54585 17.831 0.023 4.81 642.0
2454029.50126 17.751 0.033 6.56 712.0
2454146.89161 17.792 0.038 6.11 1197.0
2454154.88647 17.833 0.022 4.09 656.0
2454157.85727 17.828 0.023 4.15 734.0
2454159.87350 17.815 0.027 5.00 732.0
2454162.81997 17.805 0.035 5.88 1042.0
2454164.86063 17.836 0.025 4.19 974.0
2454166.87647 17.832 0.032 5.18 1066.0
2454169.78625 17.868 0.029 4.50 1084.0
2454174.79851 17.751 0.030 5.60 889.0
2454176.79153 17.843 0.026 4.93 774.0
2454177.84528 17.759 0.022 4.75 582.0
2454178.88804 17.822 0.025 4.90 649.0
2454180.78410 17.770 0.028 6.09 608.0
2454181.87051 17.847 0.022 4.35 619.0
2454183.75706 17.800 0.023 4.72 681.0
2454184.80545 17.802 0.023 4.92 582.0
2454187.88771 17.805 0.026 5.65 509.0
2454190.81653 17.809 0.026 5.04 749.0
2454191.91666 17.877 0.030 5.20 798.0
2454192.83526 17.777 0.025 4.87 775.0
2454193.84619 17.793 0.026 4.99 833.0
2454194.86781 17.795 0.024 4.54 756.0
2454196.85631 17.863 0.026 4.48 817.0
2454202.83760 17.812 0.021 4.03 664.0
2454203.82575 17.790 0.020 4.12 648.0
2454204.82120 17.860 0.022 4.02 639.0
2454205.81629 17.811 0.021 4.56 529.0
2454207.81835 17.843 0.020 3.72 577.0
2454208.84186 17.828 0.021 4.05 596.0
2454213.81706 17.819 0.019 3.63 600.0
2454215.82334 17.856 0.022 4.15 595.0
2454216.78109 17.776 0.023 5.03 601.0
2454217.78891 17.827 0.018 3.35 617.0
2454218.84384 17.777 0.024 4.99 622.0
2454219.87401 17.810 0.028 5.40 656.0
2454220.81097 17.765 0.023 4.31 769.0
2454222.77680 17.803 0.028 4.75 940.0
2454224.89617 17.804 0.029 4.15 1244.0
2454228.77397 17.877 0.030 4.70 1051.0
2454229.75868 17.783 0.026 5.29 746.0
2454230.74246 17.860 0.027 4.97 632.0
2454231.74485 17.837 0.024 4.60 790.0
2454232.75634 17.884 0.030 5.34 836.0
2454234.65129 17.815 0.030 5.62 821.0
2454235.71806 17.867 0.021 3.78 754.0
2454238.76806 17.785 0.026 5.31 683.0
2454239.74717 17.826 0.022 4.46 629.0
2454240.89088 17.883 0.027 4.54 826.0
2454243.78674 17.863 0.027 4.93 728.0
2454244.76186 17.792 0.022 4.08 700.0
2454245.75268 17.835 0.020 4.16 492.0
2454246.81036 17.840 0.024 4.18 755.0
2454250.83574 17.726 0.030 5.25 1050.0
2454256.67266 17.802 0.030 5.73 762.0
2454258.68220 17.832 0.026 5.01 690.0
2454267.64745 17.777 0.022 4.62 731.0
2454268.81606 17.797 0.020 3.74 685.0
2454269.62593 17.841 0.020 4.11 567.0
2454272.67649 17.782 0.020 3.91 604.0
2454273.72561 17.841 0.025 4.14 762.0
2454274.52227 17.850 0.033 5.30 1100.0
2454275.67708 17.840 0.028 4.73 870.0
2454277.63448 17.777 0.023 4.41 734.0
2454278.65042 17.855 0.029 5.27 745.0
2454283.59573 17.795 0.027 4.57 1015.0
2454284.57975 17.775 0.028 4.48 1008.0
2454285.58370 17.754 0.029 4.45 1080.0
2454286.58263 17.844 0.025 4.56 887.0
2454289.61752 17.845 0.033 6.13 740.0
2454290.64895 17.815 0.028 5.94 518.0
2454291.70375 17.820 0.023 4.54 589.0
2454292.56515 17.835 0.021 4.25 608.0
2454293.57142 17.850 0.020 4.26 568.0
2454294.56432 17.803 0.022 4.33 679.0
2454295.58615 17.840 0.022 4.59 538.0
2454296.57307 17.861 0.020 3.98 529.0
2454297.63620 17.795 0.019 3.86 497.0
2454298.61114 17.840 0.022 4.48 506.0
2454299.58149 17.830 0.020 4.14 547.0
2454300.47995 17.784 0.028 5.41 735.0
2454301.66021 17.771 0.019 3.66 604.0
2454302.64252 17.781 0.024 5.10 580.0
2454303.77644 17.796 0.030 6.36 539.0
2454304.47158 17.902 0.045 6.26 1313.0
2454304.51755 17.834 0.039 5.69 1255.0
2454304.60735 17.874 0.034 5.78 845.0
2454304.62182 17.850 0.031 5.02 897.0
2454304.66612 17.803 0.031 5.40 844.0
2454305.59615 17.722 0.030 6.90 592.0
2454306.50061 17.786 0.040 6.82 1015.0
2454306.54001 17.715 0.031 6.13 850.0
2454306.60825 17.828 0.027 4.62 902.0
2454306.68236 17.840 0.033 6.06 765.0
2454307.54596 17.828 0.023 3.36 986.0
2454307.66467 17.817 0.027 3.99 1073.0
2454307.74865 17.830 0.025 3.72 1114.0
2454307.77152 17.896 0.033 4.74 1164.0
2454310.58826 17.806 0.047 4.34 3546.0
2454310.70903 17.795 0.035 5.02 1435.0
2454310.77917 17.776 0.041 5.70 1674.0
2454311.53041 17.741 0.041 6.62 1333.0
2454311.71628 17.728 0.030 4.75 1264.0
2454311.75312 17.847 0.042 5.96 1443.0
2454312.49356 17.830 0.034 5.11 1212.0
2454312.53819 17.874 0.033 4.67 1151.0
2454312.60303 17.858 0.023 3.54 969.0
2454312.68758 17.843 0.029 4.67 889.0
2454312.78107 17.845 0.028 4.86 957.0
2454314.48797 17.804 0.028 5.50 612.0
2454314.77360 17.822 0.034 6.10 835.0
2454315.52314 17.854 0.026 4.95 682.0
2454315.61332 17.820 0.025 4.41 732.0
2454316.55269 17.790 0.021 4.25 580.0
2454316.63440 17.791 0.026 5.51 582.0
2454316.70235 17.842 0.024 4.36 694.0
2454317.47690 17.826 0.024 4.56 756.0
2454317.53284 17.844 0.021 4.06 595.0
2454317.60827 17.829 0.024 4.63 577.0
2454317.67917 17.769 0.024 5.06 619.0
2454319.48792 17.890 0.031 5.57 737.0
2454319.59595 17.779 0.024 5.11 679.0
2454319.67956 17.866 0.029 5.50 684.0
2454319.74034 17.849 0.027 4.86 749.0
2454320.50489 17.757 0.024 4.89 629.0
2454320.63697 17.817 0.024 4.90 575.0
2454320.68887 17.879 0.032 6.24 581.0
2454320.71464 17.784 0.030 5.69 612.0
2454320.75951 17.824 0.033 6.16 677.0
2454326.61175 17.784 0.021 4.63 566.0
2454326.69581 17.848 0.031 6.31 536.0
2454327.56046 17.783 0.028 5.45 646.0
2454327.63680 17.871 0.031 6.01 618.0
2454327.69107 17.842 0.030 5.99 646.0
2454328.57901 17.811 0.020 3.76 604.0
2454328.66466 17.771 0.026 4.99 633.0
2454329.57173 17.738 0.024 5.02 572.0
2454330.53370 17.823 0.022 4.20 579.0
2454330.61394 17.825 0.022 4.04 583.0
2454331.53347 17.824 0.022 4.23 582.0
2454331.57862 17.859 0.028 5.50 587.0
2454332.58885 17.832 0.023 4.44 605.0
2454332.64965 17.786 0.023 4.50 695.0
2454333.54562 17.824 0.027 4.67 775.0
2454333.57932 17.795 0.028 5.09 762.0
2454334.54674 17.724 0.040 4.45 2856.0
2454338.60976 17.813 0.030 4.88 1000.0
2454339.57889 17.797 0.026 4.44 966.0
2454339.63290 17.794 0.029 4.78 1019.0
2454340.50898 17.805 0.038 6.17 1120.0
2454340.67593 17.781 0.030 4.51 1299.0
2454341.58083 17.736 0.028 4.91 925.0
2454341.68296 17.748 0.036 5.76 1202.0
2454342.54811 17.815 0.025 4.37 730.0
2454342.61714 17.862 0.026 4.51 748.0
2454343.52761 17.808 0.020 3.37 709.0
2454343.59641 17.790 0.021 3.83 761.0
2454344.55520 17.762 0.027 4.79 761.0
2454344.64163 17.776 0.024 3.95 934.0
2454344.69661 17.816 0.029 4.56 1128.0
2454345.52033 17.791 0.021 3.65 743.0
2454345.59624 17.838 0.028 4.74 744.0
2454346.48330 17.747 0.030 5.73 870.0
2454346.59826 17.867 0.026 4.48 751.0
2454347.50215 17.768 0.032 6.59 650.0
2454347.61217 17.832 0.023 4.59 597.0
2454348.63957 17.824 0.026 5.04 645.0
2454349.48307 17.810 0.031 5.63 728.0
2454349.58407 17.771 0.020 4.30 519.0
2454350.49778 17.782 0.027 4.95 759.0
2454350.64585 17.874 0.026 5.06 610.0
2454351.54140 17.808 0.022 4.11 625.0
2454351.58612 17.817 0.027 5.26 606.0
2454352.54678 17.784 0.031 5.77 701.0
2454353.48042 17.825 0.026 4.21 922.0
2454353.52567 17.856 0.025 4.32 758.0
2454353.54051 17.811 0.023 4.24 785.0
2454353.60602 17.838 0.032 5.39 895.0
2454354.50918 17.801 0.021 3.62 762.0
2454354.55767 17.825 0.023 4.27 685.0
2454354.62552 17.843 0.029 5.71 646.0
2454355.49965 17.797 0.026 4.49 903.0
2454355.55843 17.814 0.026 4.71 739.0
2454355.59044 17.901 0.032 5.53 774.0
2454355.63847 17.892 0.036 6.70 713.0
2454356.47363 17.834 0.036 4.07 2119.0
2454356.59013 17.837 0.027 5.17 646.0
2454357.49379 17.846 0.036 6.63 718.0
2454357.65113 17.792 0.031 6.00 712.0
2454358.51766 17.777 0.032 6.14 740.0
2454358.61260 17.850 0.031 6.03 631.0
2454359.49204 17.832 0.028 5.01 788.0
2454359.63174 17.850 0.030 5.53 753.0
2454360.55652 17.830 0.032 6.00 678.0
2454361.51915 17.743 0.037 6.46 908.0
2454361.63595 17.839 0.040 6.55 937.0
2454362.50082 17.846 0.046 3.89 3095.0
2454362.63131 17.823 0.047 6.77 1453.0
2454365.52221 17.776 0.036 6.03 1017.0
2454367.49595 17.816 0.026 4.01 1018.0
2454368.50458 17.829 0.035 5.75 937.0
2454368.58144 17.841 0.036 5.88 982.0
2454369.49132 17.820 0.040 6.30 1086.0
2454370.49365 17.843 0.029 4.59 928.0
2454370.62021 17.848 0.033 4.78 1322.0
2454371.49133 17.830 0.025 4.48 761.0
2454371.59743 17.809 0.032 5.28 1011.0
2454372.49240 17.787 0.022 3.94 747.0
2454372.62037 17.829 0.032 5.14 1015.0
2454373.50130 17.807 0.031 5.24 836.0
2454373.59401 17.769 0.027 4.65 913.0
2454375.54740 17.864 0.040 6.83 850.0
2454376.56038 17.892 0.036 5.98 810.0
2454377.49316 17.825 0.024 4.10 788.0
2454379.50031 17.736 0.035 6.54 854.0
2454380.51122 17.747 0.023 4.26 780.0
2454380.56195 17.834 0.023 4.12 730.0
2454381.49306 17.755 0.035 6.05 949.0
2454381.57315 17.846 0.037 5.35 1059.0
2454383.58976 17.773 0.032 5.43 1099.0
2454391.50062 17.866 0.035 4.36 1579.0
2454392.50594 17.766 0.033 4.62 1597.0
2454393.49461 17.761 0.024 4.05 1043.0
2454394.50868 17.777 0.026 3.93 981.0
2454395.50431 17.819 0.030 4.57 1038.0
2454396.49903 17.801 0.039 5.57 1280.0
2454397.50034 17.820 0.031 4.43 1263.0
2454397.57183 17.867 0.037 5.14 1453.0
2454398.50864 17.843 0.032 4.71 1165.0
2454399.50136 17.807 0.033 4.92 1262.0
2454400.49704 17.771 0.036 5.06 1587.0
2454401.53199 17.828 0.031 4.86 1152.0
2454402.51846 17.772 0.036 5.69 1082.0
2454403.49979 17.885 0.049 6.46 1384.0
2454407.51484 17.833 0.036 6.09 933.0
2454408.53508 17.720 0.032 5.63 1094.0
2454409.51648 17.818 0.038 5.40 1278.0
2454506.86074 17.765 0.028 4.80 1123.0
2454512.87538 17.729 0.018 4.21 609.0
2454514.89365 17.742 0.024 4.83 776.0
2454518.87785 17.721 0.030 6.15 819.0
2454521.84816 17.784 0.025 4.43 936.0
2454524.85753 17.747 0.024 4.74 881.0
2454530.84555 17.750 0.018 3.85 660.0
2454533.88449 17.662 0.020 4.87 661.0
2454535.90690 17.733 0.026 5.46 806.0
2454537.83368 17.674 0.018 4.53 568.0
2454539.77697 17.768 0.029 5.80 731.0
2454540.90463 17.693 0.020 4.40 695.0
2454541.90134 17.667 0.017 3.95 634.0
2454542.86473 17.667 0.021 4.91 607.0
2454543.89085 17.673 0.019 4.70 517.0
2454544.88846 17.675 0.017 4.12 537.0
2454545.81306 17.665 0.019 4.00 820.0
2454546.86720 17.607 0.020 4.49 769.0
2454547.88236 17.712 0.022 4.44 836.0
2454550.88214 17.690 0.021 4.48 773.0
2454551.87525 17.685 0.025 4.46 1119.0
2454552.86843 17.684 0.036 4.20 2696.0
2454556.83638 17.622 0.017 4.39 572.0
2454557.86268 17.643 0.018 4.30 589.0
2454558.85916 17.672 0.019 4.63 597.0
2454559.82683 17.654 0.018 4.49 534.0
2454560.82711 17.618 0.016 3.96 511.0
2454561.81603 17.656 0.015 3.92 525.0
2454564.82033 17.678 0.016 4.01 480.0
2454565.80929 17.633 0.015 3.77 544.0
2454566.81130 17.652 0.016 3.95 515.0
2454567.81166 17.674 0.018 4.33 579.0
2454568.83403 17.638 0.017 3.83 655.0
2454569.82792 17.693 0.021 5.03 550.0
2454570.81860 17.704 0.024 5.66 579.0
2454571.80227 17.695 0.020 4.80 557.0
2454572.84017 17.723 0.021 4.63 706.0
2454573.81582 17.711 0.019 4.41 642.0
2454574.81799 17.644 0.021 4.25 762.0
2454575.82676 17.687 0.023 4.50 816.0
2454583.68692 17.735 0.034 6.67 915.0
2454585.89099 17.796 0.024 4.99 764.0
2454586.83887 17.757 0.022 4.56 736.0
2454587.81951 17.752 0.022 4.84 593.0
2454588.80251 17.739 0.019 4.07 626.0
2454589.64820 17.702 0.023 4.85 732.0
2454590.75278 17.699 0.020 4.85 599.0
2454591.63700 17.777 0.029 5.40 889.0
2454592.74590 17.702 0.021 4.27 890.0
2454593.73118 17.695 0.021 4.67 676.0
2454594.75976 17.781 0.020 4.45 580.0
2454595.74749 17.724 0.022 5.07 581.0
2454596.73667 17.783 0.020 4.59 554.0
2454597.76788 17.771 0.021 4.61 630.0
2454598.73731 17.723 0.016 4.19 473.0
2454599.71306 17.744 0.021 4.79 571.0
2454600.72223 17.751 0.016 4.02 487.0
2454601.72684 17.753 0.018 4.25 531.0
2454602.72099 17.805 0.019 4.17 624.0
2454603.94442 17.668 0.033 5.02 1758.0
2454606.73478 17.738 0.022 4.22 982.0
2454610.82864 17.729 0.039 4.42 3162.0
2454611.70853 17.775 0.026 5.16 757.0
2454611.89505 17.704 0.024 4.28 1051.0
2454615.88515 17.729 0.032 6.48 837.0
2454616.69055 17.742 0.022 4.96 574.0
2454617.80232 17.804 0.027 5.52 693.0
2454618.73133 17.828 0.028 5.90 637.0
2454622.67266 17.754 0.022 4.53 591.0
2454623.75249 17.840 0.032 6.25 672.0
2454624.68794 17.770 0.023 4.45 686.0
2454625.67299 17.812 0.029 5.75 621.0
2454626.72308 17.813 0.028 6.02 516.0
2454627.65218 17.796 0.020 4.66 507.0
2454628.64646 17.761 0.030 6.39 621.0
2454629.71162 17.816 0.023 4.92 527.0
2454630.64847 17.791 0.020 4.12 623.0
2454631.66999 17.783 0.018 3.89 566.0
2454632.66782 17.796 0.020 4.25 633.0
2454633.72686 17.787 0.023 4.18 879.0
2454639.77238 17.777 0.027 4.66 939.0
2454640.67235 17.784 0.025 5.30 639.0
2454641.82889 17.807 0.034 6.32 822.0
2454642.67075 17.850 0.023 4.77 587.0
2454643.63675 17.821 0.022 4.93 529.0
2454644.70383 17.747 0.024 5.48 563.0
2454645.63534 17.809 0.022 4.81 532.0
2454646.60711 17.829 0.018 3.97 514.0
2454647.61748 17.847 0.021 3.79 687.0
2454649.61163 17.848 0.021 4.54 505.0
2454650.63998 17.801 0.023 4.68 651.0
2454651.65490 17.817 0.023 4.43 635.0
2454652.58401 17.802 0.024 4.71 682.0
2454653.57791 17.851 0.027 4.85 758.0
2454654.61705 17.815 0.023 4.64 655.0
2454655.58133 17.819 0.026 5.06 784.0
2454656.58438 17.834 0.022 4.46 580.0
2454658.74174 17.838 0.029 5.50 678.0
2454660.69128 17.781 0.026 5.30 768.0
2454661.57388 17.801 0.023 4.26 922.0
2454665.73565 17.729 0.029 4.16 1622.0
2454666.64108 17.832 0.027 4.74 911.0
2454670.70581 17.751 0.033 7.10 654.0
2454671.63051 17.823 0.021 4.79 543.0
2454672.59016 17.820 0.021 4.42 580.0
2454674.59659 17.731 0.025 5.43 647.0
2454677.56916 17.745 0.023 5.01 587.0
2454681.58453 17.817 0.023 4.90 516.0
2454682.60197 17.834 0.024 5.06 587.0
2454683.59896 17.749 0.027 5.85 650.0
2454684.61695 17.819 0.024 4.82 612.0
2454685.58467 17.880 0.025 4.29 668.0
2454686.71348 17.811 0.026 5.28 567.0
2454687.63189 17.810 0.025 4.83 646.0
2454688.57559 17.896 0.042 5.11 1646.0
2454694.65335 17.696 0.034 6.53 951.0
2454697.57935 17.780 0.026 5.70 643.0
2454698.60554 17.828 0.025 5.60 619.0
2454700.60062 17.787 0.024 5.15 587.0
2454701.58348 17.764 0.031 6.61 650.0
2454702.59842 17.852 0.026 5.66 540.0
2454703.66571 17.767 0.026 6.06 572.0
2454708.59922 17.792 0.026 5.82 614.0
2454710.63442 17.793 0.024 4.89 678.0
2454716.67114 17.843 0.035 5.70 1014.0
2454720.61666 17.813 0.030 5.12 963.0
2454721.58553 17.879 0.040 6.45 922.0
2454724.59756 17.918 0.041 6.23 1021.0
2454726.57679 17.771 0.033 6.22 776.0
2454731.62637 17.850 0.030 5.92 588.0
2454738.50227 17.866 0.030 6.01 629.0
2454740.60645 17.782 0.032 6.35 713.0
2454748.57118 17.790 0.034 5.93 979.0
2454754.54670 17.743 0.035 6.04 1050.0
2454755.52498 17.811 0.030 5.21 922.0
2454759.51533 17.732 0.031 5.63 818.0
2454767.54237 17.875 0.037 5.98 1035.0
2454768.54390 17.779 0.043 6.92 1087.0
2454875.85431 17.847 0.034 5.99 888.0
2454878.88457 17.771 0.022 4.22 931.0
