2452106.76844 16.467 0.010 5.65 739.0
2452112.76275 16.471 0.009 4.94 688.0
2452125.65067 16.459 0.012 4.42 2014.0
2452128.57983 16.459 0.009 4.40 854.0
2452131.57317 16.463 0.008 3.55 872.0
2452134.67685 16.461 0.011 6.68 835.0
2452138.55693 16.460 0.011 5.78 748.0
2452143.52619 16.494 0.013 6.55 878.0
2452156.49237 16.456 0.009 4.70 945.0
2452158.52489 16.441 0.009 5.00 761.0
2452162.51022 16.463 0.010 5.15 848.0
2452168.54503 16.492 0.012 6.24 866.0
2452173.50304 16.474 0.013 6.85 941.0
2452180.50165 16.450 0.010 4.36 1701.0
2452184.50637 16.458 0.012 5.89 995.0
2452194.56169 16.482 0.010 4.71 938.0
2452321.87911 16.450 0.011 4.90 1220.0
2452326.81121 16.469 0.012 5.61 1254.0
2452345.82130 16.454 0.009 3.74 911.0
2452358.89056 16.443 0.010 4.68 868.0
2452370.81874 16.456 0.010 5.08 822.0
2452381.82600 16.456 0.009 3.58 764.0
2452384.79887 16.488 0.010 4.32 869.0
2452388.85659 16.460 0.009 4.21 867.0
2452391.74262 16.460 0.012 4.95 1440.0
2452396.77411 16.456 0.013 3.63 3637.0
2452400.70207 16.453 0.011 5.30 917.0
2452402.81632 16.454 0.009 3.79 935.0
2452404.84895 16.454 0.009 3.70 852.0
2452406.93292 16.476 0.011 4.88 1143.0
2452415.72976 16.461 0.011 5.04 885.0
2452417.70349 16.459 0.011 5.12 945.0
2452426.68468 16.438 0.009 4.53 789.0
2452431.81539 16.461 0.008 4.15 861.0
2452433.74257 16.439 0.010 4.99 875.0
2452434.81564 16.449 0.009 4.19 925.0
2452436.59016 16.474 0.010 4.22 1016.0
2452438.62052 16.461 0.010 4.57 822.0
2452440.60198 16.437 0.009 4.37 845.0
2452442.61950 16.485 0.010 4.63 844.0
2452444.71314 16.469 0.010 4.35 984.0
2452446.65142 16.465 0.010 3.73 1245.0
2452458.74007 16.457 0.010 4.74 688.0
2452462.72880 16.471 0.008 3.88 677.0
2452463.82943 16.458 0.009 4.28 888.0
2452466.75641 16.477 0.012 5.78 820.0
2452470.47461 16.454 0.012 6.33 1184.0
2452472.47557 16.455 0.011 5.01 1788.0
2452474.47684 16.476 0.014 5.10 2872.0
2452482.62843 16.473 0.010 4.50 914.0
2452485.63840 16.471 0.012 6.33 716.0
2452489.70907 16.458 0.008 4.28 822.0
2452492.65441 16.463 0.009 3.96 827.0
2452494.70809 16.440 0.008 4.49 767.0
2452497.51068 16.456 0.010 5.06 811.0
2452499.54661 16.456 0.009 4.06 799.0
2452501.57427 16.469 0.009 3.85 855.0
2452511.55455 16.478 0.012 5.24 952.0
2452517.49143 16.451 0.013 6.78 987.0
2452520.67675 16.445 0.009 4.59 822.0
2452526.53481 16.453 0.009 4.55 782.0
2452537.48484 16.473 0.012 6.13 1137.0
2452540.50087 16.482 0.012 5.31 1183.0
2452546.51135 16.469 0.010 5.00 1047.0
2452550.49274 16.504 0.014 6.49 970.0
2452558.50112 16.463 0.011 4.28 1276.0
2452565.50184 16.540 0.019 7.59 1326.0
2452698.89620 16.467 0.010 4.97 788.0
2452711.87923 16.465 0.009 4.45 773.0
2452721.88926 16.451 0.017 5.37 3510.0
2452730.89989 16.463 0.009 3.99 834.0
2452743.77638 16.465 0.009 3.97 932.0
2452748.79505 16.460 0.010 4.44 1228.0
2452755.78508 16.460 0.009 3.98 803.0
2452759.78012 16.470 0.009 4.09 947.0
2452765.79322 16.455 0.009 4.26 963.0
2452769.77786 16.434 0.007 3.96 902.0
2452782.71609 16.457 0.011 5.38 824.0
2452784.70892 16.460 0.008 3.53 770.0
2452786.59547 16.483 0.014 6.22 1408.0
2452788.69312 16.449 0.008 3.62 887.0
2452789.81375 16.474 0.010 4.25 888.0
2452789.82190 16.440 0.010 4.62 909.0
2452789.86968 16.453 0.010 4.39 946.0
2452789.88886 16.452 0.010 4.30 935.0
2452789.91433 16.474 0.010 4.21 1025.0
2452789.92425 16.443 0.010 4.47 1052.0
2452789.93492 16.451 0.010 4.92 1131.0
2452789.94684 16.455 0.015 4.90 3106.0
2452790.57951 16.422 0.006 3.67 833.0
2452790.60750 16.468 0.007 3.51 804.0
2452790.64044 16.455 0.007 3.12 766.0
2452790.66398 16.464 0.008 3.67 778.0
2452790.68578 16.450 0.008 3.83 792.0
2452790.70395 16.443 0.008 3.71 751.0
2452790.73664 16.460 0.009 4.48 752.0
2452790.78459 16.446 0.009 4.30 808.0
2452790.82171 16.476 0.009 4.06 799.0
2452790.84654 16.467 0.009 4.03 865.0
2452790.87747 16.448 0.009 3.95 915.0
2452790.90507 16.456 0.009 4.02 915.0
2452790.92711 16.445 0.011 4.95 982.0
2452790.93209 16.481 0.011 4.93 1021.0
2452790.94401 16.442 0.012 4.92 1663.0
2452791.53522 16.465 0.012 5.89 1122.0
2452791.57913 16.465 0.008 4.67 786.0
2452791.60883 16.456 0.009 4.28 830.0
2452791.67103 16.483 0.009 4.45 725.0
2452791.71244 16.465 0.009 3.89 740.0
2452791.74939 16.461 0.010 4.51 751.0
2452791.83603 16.465 0.010 4.21 863.0
2452791.87870 16.457 0.010 4.27 830.0
2452791.93396 16.470 0.008 5.04 535.0
2452792.58003 16.464 0.012 6.21 858.0
2452792.58287 16.460 0.012 5.78 853.0
2452794.61630 16.461 0.011 5.50 976.0
2452796.57063 16.456 0.009 3.72 902.0
2452802.58708 16.444 0.014 6.38 1196.0
2452802.60745 16.457 0.012 5.66 1058.0
2452802.62501 16.500 0.012 5.46 1092.0
2452802.66903 16.459 0.012 5.10 1150.0
2452802.72933 16.476 0.012 5.37 1143.0
2452802.79679 16.466 0.013 5.55 1178.0
2452808.63697 16.470 0.010 4.77 1000.0
2452810.57532 16.453 0.010 4.25 1033.0
2452812.57689 16.455 0.010 3.84 1124.0
2452813.82071 16.448 0.009 3.81 904.0
2452815.59923 16.466 0.009 4.03 763.0
2452816.66493 16.452 0.009 4.28 655.0
2452817.77936 16.453 0.010 4.34 923.0
2452818.67456 16.464 0.009 4.35 823.0
2452819.76850 16.467 0.010 4.53 919.0
2452821.66655 16.479 0.010 3.87 864.0
2452826.65737 16.537 0.011 6.68 717.0
2452830.78765 16.459 0.011 4.26 1727.0
2452835.48464 16.448 0.012 4.06 2257.0
2452837.50356 16.471 0.010 4.85 1193.0
2452838.73399 16.460 0.010 4.48 868.0
2452838.76031 16.440 0.012 5.53 984.0
2452838.81122 16.451 0.013 5.55 1333.0
2452839.48715 16.484 0.010 4.31 990.0
2452840.50472 16.480 0.011 5.16 957.0
2452841.57685 16.465 0.011 4.93 917.0
2452841.79054 16.447 0.010 4.10 1020.0
2452842.55842 16.475 0.010 4.67 912.0
2452844.61739 16.450 0.009 3.92 774.0
2452848.55689 16.450 0.011 5.14 944.0
2452851.54329 16.465 0.010 4.76 984.0
2452853.54701 16.444 0.010 4.66 918.0
2452854.74264 16.464 0.012 5.90 897.0
2452857.72968 16.477 0.011 4.81 1021.0
2452862.51085 16.457 0.013 5.32 1205.0
2452864.50856 16.501 0.012 5.43 1179.0
2452867.66210 16.451 0.010 4.45 832.0
2452868.52404 16.465 0.009 3.86 879.0
2452871.48997 16.449 0.010 4.72 865.0
2452872.60093 16.452 0.009 3.68 784.0
2452874.56582 16.493 0.008 4.65 645.0
2452875.50935 16.458 0.012 6.33 800.0
2452875.62908 16.505 0.014 7.16 806.0
2452876.53591 16.456 0.009 4.56 777.0
2452876.65484 16.472 0.010 4.58 729.0
2452877.51760 16.476 0.010 4.40 888.0
2452877.66005 16.460 0.010 4.28 883.0
2452878.49474 16.456 0.009 3.61 944.0
2452878.65314 16.475 0.009 4.46 842.0
2452879.54437 16.468 0.010 4.71 815.0
2452880.70302 16.468 0.011 5.53 894.0
2452882.54991 16.461 0.010 5.38 778.0
2452889.52295 16.471 0.016 7.39 1107.0
2452894.58414 16.462 0.010 4.28 993.0
2452898.63993 16.450 0.011 4.99 1132.0
2452903.53905 16.470 0.008 4.24 822.0
2452908.60074 16.450 0.013 6.55 938.0
2452912.54649 16.442 0.010 4.15 1035.0
2452926.57008 16.448 0.011 4.72 1161.0
2453043.86962 16.445 0.010 4.47 1317.0
2453044.86435 16.484 0.012 5.53 1168.0
2453055.88040 16.442 0.009 4.55 920.0
2453058.89826 16.483 0.010 3.39 1779.0
2453064.81879 16.454 0.010 4.68 1116.0
2453067.89221 16.446 0.008 3.54 809.0
2453070.85375 16.441 0.011 5.01 1072.0
2453073.80921 16.482 0.010 4.89 1058.0
2453075.84788 16.465 0.010 4.44 1091.0
2453079.89239 16.451 0.011 3.99 1859.0
2453082.86570 16.473 0.009 3.98 793.0
2453084.90862 16.478 0.008 3.67 839.0
2453086.83737 16.471 0.008 3.83 712.0
2453088.79482 16.470 0.008 3.47 676.0
2453089.90409 16.458 0.009 4.28 803.0
2453091.82429 16.458 0.009 4.21 731.0
2453096.86240 16.491 0.012 6.48 826.0
2453098.84983 16.460 0.008 3.73 788.0
2453100.80337 16.463 0.008 3.66 882.0
2453101.91691 16.471 0.011 5.22 1038.0
2453103.77468 16.461 0.009 3.81 1102.0
2453106.83398 16.491 0.012 4.13 1975.0
2453108.76723 16.472 0.008 3.71 871.0
2453109.79938 16.469 0.008 3.61 710.0
2453110.83384 16.444 0.009 4.52 818.0
2453112.79214 16.470 0.008 4.28 634.0
2453113.87241 16.451 0.008 4.47 681.0
2453114.78394 16.464 0.008 3.80 726.0
2453115.86677 16.470 0.009 4.55 743.0
2453116.92286 16.485 0.009 4.53 841.0
2453122.90994 16.465 0.010 5.04 872.0
2453125.87020 16.488 0.011 5.09 854.0
2453126.89592 16.463 0.009 3.94 925.0
2453127.80670 16.466 0.009 3.91 956.0
2453128.81972 16.455 0.009 4.20 968.0
2453130.69769 16.478 0.010 4.19 1367.0
2453131.88922 16.489 0.013 4.52 2419.0
2453135.89906 16.466 0.010 5.02 905.0
2453137.93808 16.502 0.011 5.10 1486.0
2453138.70077 16.470 0.010 5.10 802.0
2453139.87803 16.451 0.009 4.30 764.0
2453140.87784 16.469 0.009 4.28 737.0
2453142.76610 16.464 0.009 4.36 781.0
2453144.78706 16.467 0.009 4.79 705.0
2453146.80063 16.468 0.011 6.27 693.0
2453151.74968 16.466 0.011 5.79 708.0
2453151.91442 16.462 0.010 4.71 894.0
2453152.75377 16.469 0.009 4.48 802.0
2453153.75768 16.450 0.011 5.71 768.0
2453154.81919 16.476 0.012 6.20 785.0
2453156.83895 16.466 0.010 4.74 993.0
2453158.91305 16.482 0.014 5.79 1436.0
2453162.81392 16.467 0.010 4.25 1071.0
2453163.62684 16.480 0.009 3.81 710.0
2453163.64566 16.462 0.008 4.08 704.0
2453164.73555 16.465 0.009 4.32 772.0
2453165.75633 16.459 0.007 3.75 710.0
2453166.90149 16.488 0.013 6.51 988.0
2453167.75436 16.471 0.011 6.24 687.0
2453168.74952 16.476 0.009 4.79 729.0
2453169.72543 16.459 0.009 4.36 722.0
2453170.80294 16.459 0.007 3.54 685.0
2453171.82567 16.470 0.007 3.41 756.0
2453172.75266 16.444 0.007 3.98 658.0
2453174.70896 16.460 0.008 3.81 700.0
2453175.71890 16.474 0.008 3.83 803.0
2453177.75608 16.478 0.013 7.76 825.0
2453178.78262 16.445 0.008 4.28 673.0
2453179.79234 16.468 0.009 4.46 744.0
2453180.72073 16.458 0.008 3.90 629.0
2453182.77218 16.497 0.009 4.63 679.0
2453183.74084 16.475 0.010 4.97 707.0
2453184.69863 16.468 0.008 3.83 706.0
2453185.75130 16.462 0.009 3.94 880.0
2453193.53683 16.493 0.009 4.84 794.0
2453194.59547 16.490 0.011 5.01 953.0
2453195.64278 16.462 0.008 3.67 635.0
2453195.80044 16.459 0.008 3.83 787.0
2453196.54588 16.448 0.009 4.66 875.0
2453197.51341 16.451 0.008 3.66 819.0
2453199.62327 16.471 0.010 5.55 627.0
2453201.51504 16.475 0.009 5.20 859.0
2453202.56950 16.451 0.009 4.96 657.0
2453203.65901 16.465 0.008 4.05 660.0
2453204.65224 16.465 0.008 3.96 592.0
2453205.76082 16.464 0.008 4.25 600.0
2453206.71785 16.473 0.010 5.88 635.0
2453210.54529 16.477 0.011 6.11 896.0
2453211.58366 16.496 0.010 5.45 647.0
2453217.47937 16.465 0.010 3.71 1601.0
2453217.65225 16.449 0.009 4.08 1110.0
2453218.65064 16.458 0.011 4.82 1190.0
2453219.60594 16.473 0.013 6.28 913.0
2453223.65185 16.500 0.013 7.03 780.0
2453224.69739 16.465 0.009 3.99 827.0
2453226.61472 16.502 0.012 6.71 574.0
2453228.60112 16.481 0.010 5.40 640.0
2453229.63359 16.461 0.009 5.03 675.0
2453230.66718 16.465 0.009 4.66 645.0
2453231.57052 16.472 0.008 4.35 725.0
2453232.59841 16.488 0.013 7.12 714.0
2453238.61953 16.474 0.010 5.00 744.0
2453239.69825 16.446 0.010 6.08 734.0
2453240.67941 16.459 0.012 6.90 773.0
2453241.65431 16.445 0.012 4.06 2739.0
2453245.55418 16.486 0.011 5.03 1091.0
2453246.65789 16.451 0.012 5.85 963.0
2453247.62408 16.462 0.010 4.67 933.0
2453249.52600 16.469 0.010 5.51 697.0
2453250.65876 16.433 0.010 4.99 1068.0
2453253.52305 16.467 0.009 5.38 606.0
2453256.63579 16.450 0.010 5.49 739.0
2453264.53275 16.448 0.010 4.88 856.0
2453267.53189 16.461 0.010 5.26 968.0
2453272.58729 16.484 0.011 5.48 919.0
2453275.57026 16.439 0.012 6.33 957.0
2453278.59917 16.507 0.011 5.23 863.0
2453282.57316 16.437 0.007 4.33 443.0
2453288.54573 16.440 0.009 5.81 680.0
2453293.51633 16.468 0.007 5.14 432.0
2453295.52653 16.469 0.006 4.75 377.0
2453299.55004 16.510 0.005 4.26 389.0
2453305.52530 16.492 0.013 5.75 1210.0
2453314.51640 16.475 0.015 6.91 1354.0
2453408.89018 16.454 0.011 5.18 1193.0
2453413.89113 16.466 0.010 5.09 1252.0
2453421.89735 16.474 0.007 3.48 779.0
2453422.87167 16.458 0.008 5.21 651.0
2453426.86283 16.489 0.009 4.06 896.0
2453429.84489 16.450 0.011 5.34 1387.0
2453432.88826 16.419 0.008 3.09 1716.0
2453442.89069 16.458 0.008 4.67 680.0
2453445.80348 16.463 0.007 3.45 606.0
2453447.85412 16.440 0.008 4.18 702.0
2453449.86677 16.474 0.008 4.38 631.0
2453452.88739 16.467 0.007 3.79 642.0
2453455.82156 16.452 0.010 5.10 988.0
2453457.85514 16.442 0.008 4.41 771.0
2453459.85027 16.445 0.008 3.70 961.0
2453467.88016 16.476 0.008 4.41 587.0
2453469.78603 16.487 0.007 3.65 650.0
2453470.79900 16.463 0.007 3.71 582.0
2453472.76146 16.487 0.008 4.26 683.0
2453473.78123 16.466 0.009 4.89 632.0
2453474.77790 16.472 0.010 5.83 591.0
2453475.80348 16.467 0.008 4.12 600.0
2453477.76529 16.479 0.008 3.95 651.0
2453479.76416 16.449 0.007 3.71 600.0
2453480.72428 16.462 0.007 3.89 606.0
2453481.74224 16.474 0.008 4.00 676.0
2453482.71897 16.477 0.008 3.98 776.0
2453496.72178 16.447 0.009 4.72 760.0
2453497.79334 16.455 0.010 5.68 773.0
2453498.91764 16.481 0.012 6.76 771.0
2453499.86447 16.489 0.008 4.16 654.0
2453500.73069 16.459 0.007 3.78 678.0
2453501.82711 16.466 0.007 3.72 752.0
2453502.72297 16.463 0.007 3.44 721.0
2453503.69213 16.470 0.008 4.38 638.0
2453504.70687 16.464 0.008 4.60 594.0
2453506.75070 16.448 0.008 4.51 665.0
2453508.76027 16.464 0.009 4.78 676.0
2453509.73335 16.481 0.008 4.52 604.0
2453510.80314 16.457 0.008 4.03 667.0
2453511.84229 16.451 0.008 3.44 908.0
2453512.71199 16.450 0.009 4.46 924.0
2453517.69009 16.446 0.009 4.25 1294.0
2453520.76304 16.463 0.009 4.56 702.0
2453521.72031 16.458 0.007 3.16 801.0
2453522.74830 16.469 0.007 3.48 588.0
2453522.93953 16.462 0.009 4.59 929.0
2453523.75279 16.472 0.007 3.06 603.0
2453524.89799 16.492 0.010 5.57 892.0
2453525.75118 16.491 0.008 4.02 553.0
2453526.75460 16.454 0.008 4.37 673.0
2453528.67554 16.486 0.008 4.01 592.0
2453529.69783 16.483 0.005 3.68 404.0
2453530.61294 16.461 0.007 3.24 625.0
2453537.74095 16.470 0.008 4.69 586.0
2453538.60949 16.464 0.008 4.67 641.0
2453539.82255 16.458 0.006 3.48 729.0
2453540.65278 16.465 0.008 3.86 770.0
2453544.72775 16.457 0.009 3.91 1237.0
2453546.84690 16.436 0.013 6.47 1096.0
2453547.81114 16.456 0.011 6.11 814.0
2453550.63762 16.466 0.007 3.80 804.0
2453551.63790 16.492 0.006 3.71 698.0
2453552.67287 16.477 0.008 4.55 590.0
2453553.72297 16.481 0.010 5.56 766.0
2453554.66150 16.480 0.010 5.85 692.0
2453555.67985 16.483 0.010 5.88 609.0
2453556.67812 16.457 0.008 4.19 601.0
2453558.53295 16.483 0.010 5.26 788.0
2453558.83166 16.464 0.009 4.87 661.0
2453559.70162 16.457 0.009 4.61 641.0
2453560.60297 16.458 0.008 4.21 633.0
2453561.55069 16.480 0.009 4.43 808.0
2453562.59136 16.437 0.010 5.82 659.0
2453563.64210 16.457 0.007 3.49 572.0
2453564.57986 16.490 0.010 5.61 643.0
2453569.56524 16.455 0.008 4.07 959.0
2453572.82069 16.471 0.014 5.02 2702.0
2453573.65166 16.471 0.009 4.84 877.0
2453574.69159 16.458 0.008 3.99 784.0
2453575.53907 16.458 0.007 3.54 675.0
2453575.77567 16.471 0.009 4.41 824.0
2453576.69293 16.493 0.010 5.36 693.0
2453577.59304 16.438 0.008 4.92 598.0
2453578.67767 16.474 0.007 4.20 552.0
2453579.62310 16.472 0.008 4.43 575.0
2453580.65636 16.463 0.007 4.02 602.0
2453581.67625 16.474 0.007 3.88 571.0
2453582.64810 16.451 0.008 3.90 554.0
2453583.63849 16.462 0.007 4.23 528.0
2453583.75844 16.451 0.010 5.95 813.0
2453584.64718 16.447 0.007 4.22 563.0
2453584.76178 16.483 0.010 5.61 637.0
2453585.63752 16.456 0.008 4.50 497.0
2453586.72257 16.437 0.007 3.46 613.0
2453589.67614 16.468 0.007 3.61 573.0
2453590.66009 16.471 0.007 3.58 596.0
2453591.68366 16.468 0.007 3.30 662.0
2453593.75059 16.452 0.009 5.16 900.0
2453594.71278 16.466 0.008 4.50 685.0
2453601.66134 16.484 0.008 3.80 990.0
2453602.62194 16.464 0.008 3.82 971.0
2453603.64198 16.482 0.008 4.41 744.0
2453607.64033 16.470 0.008 4.37 610.0
2453608.65571 16.470 0.009 5.55 625.0
2453615.58347 16.469 0.008 4.76 578.0
2453618.58505 16.494 0.010 5.46 767.0
2453620.54829 16.448 0.007 3.61 594.0
2453622.52615 16.416 0.009 5.55 681.0
2453628.60233 16.445 0.010 5.22 1150.0
2453630.54164 16.462 0.012 5.81 994.0
2453632.59181 16.460 0.010 5.10 1064.0
2453634.49242 16.457 0.009 5.31 665.0
2453639.55128 16.482 0.007 3.31 693.0
2453641.54972 16.542 0.014 6.97 842.0
2453644.51005 16.441 0.009 4.71 778.0
2453648.54182 16.481 0.010 5.68 722.0
2453650.59031 16.490 0.010 5.49 855.0
2453654.54587 16.484 0.013 4.68 2026.0
2453656.52712 16.484 0.010 4.02 1071.0
2453658.55897 16.484 0.012 5.47 1240.0
2453660.53159 16.477 0.011 4.59 1377.0
2453664.50839 16.482 0.010 4.28 1019.0
2453669.53436 16.476 0.011 5.69 889.0
2453675.51366 16.476 0.011 4.87 1173.0
2453776.87225 16.433 0.010 5.42 834.0
2453782.85694 16.488 0.010 5.10 915.0
2453784.88223 16.456 0.008 4.07 943.0
2453787.84984 16.457 0.008 3.50 935.0
2453790.88060 16.497 0.010 4.24 1226.0
2453792.87721 16.401 0.006 3.24 719.0
2453794.83417 16.488 0.011 5.98 744.0
2453796.82377 16.457 0.008 4.44 743.0
2453798.79489 16.454 0.009 5.09 778.0
2453799.86855 16.473 0.011 5.62 909.0
2453800.89487 16.468 0.009 4.73 662.0
2453801.87708 16.479 0.009 4.36 752.0
2453802.84263 16.466 0.009 4.06 823.0
2453803.87794 16.470 0.008 3.65 809.0
2453805.79395 16.461 0.009 4.96 858.0
2453806.81405 16.469 0.009 4.96 820.0
2453807.82777 16.450 0.009 4.59 981.0
2453808.78745 16.458 0.009 4.32 1048.0
2453809.79028 16.457 0.008 3.49 1064.0
2453810.76099 16.439 0.009 4.30 1120.0
2453810.83484 16.439 0.008 3.87 962.0
2453811.83084 16.468 0.009 4.64 810.0
2453812.82260 16.485 0.009 4.29 894.0
2453813.80124 16.471 0.008 4.01 841.0
2453814.74607 16.458 0.009 3.94 1314.0
2453814.81548 16.469 0.008 3.51 922.0
2453815.84698 16.456 0.008 3.92 827.0
2453817.81905 16.464 0.008 3.56 1132.0
2453818.87766 16.474 0.008 3.78 725.0
2453819.79326 16.467 0.007 3.56 640.0
2453820.76356 16.451 0.007 3.46 711.0
2453821.76669 16.457 0.008 4.21 666.0
2453822.80613 16.457 0.008 4.25 734.0
2453823.76221 16.447 0.008 4.21 671.0
2453824.77965 16.463 0.010 5.27 761.0
2453825.79711 16.466 0.009 5.15 704.0
2453826.77978 16.468 0.009 4.61 668.0
2453827.79296 16.464 0.008 4.25 592.0
2453828.76653 16.483 0.010 5.37 724.0
2453829.80188 16.460 0.008 3.91 643.0
2453830.72356 16.486 0.009 4.36 816.0
2453831.88399 16.451 0.008 3.71 748.0
2453832.74513 16.459 0.008 4.87 652.0
2453833.75285 16.463 0.007 3.99 619.0
2453833.81667 16.459 0.007 3.43 620.0
2453833.84219 16.451 0.007 3.19 664.0
2453833.86679 16.469 0.008 3.82 717.0
2453833.90056 16.474 0.008 3.59 757.0
2453833.91757 16.482 0.008 3.87 811.0
2453833.92378 16.494 0.009 3.77 1004.0
2453834.70142 16.450 0.010 5.56 912.0
2453834.72036 16.486 0.010 5.30 843.0
2453834.74430 16.478 0.009 4.60 789.0
2453834.79332 16.457 0.007 3.59 679.0
2453834.87303 16.468 0.008 3.70 747.0
2453834.91558 16.478 0.010 4.98 805.0
2453835.70250 16.468 0.009 4.81 909.0
2453835.72757 16.478 0.009 5.01 845.0
2453835.78095 16.450 0.008 4.07 706.0
2453835.85457 16.444 0.007 3.30 620.0
2453835.87812 16.467 0.007 3.36 626.0
2453835.91361 16.449 0.008 4.12 677.0
2453836.70938 16.470 0.011 5.53 979.0
2453836.75594 16.459 0.011 5.54 911.0
2453836.80648 16.430 0.009 4.85 812.0
2453836.83702 16.434 0.008 4.25 778.0
2453836.86419 16.462 0.007 3.56 767.0
2453836.89321 16.453 0.008 3.91 722.0
2453836.92368 16.447 0.009 4.01 1072.0
2453837.72250 16.473 0.009 4.73 940.0
2453837.75327 16.467 0.008 4.15 835.0
2453837.77968 16.458 0.009 4.44 831.0
2453837.89530 16.447 0.007 3.58 843.0
2453838.72994 16.475 0.011 5.68 997.0
2453838.90557 16.478 0.009 4.57 936.0
2453839.73128 16.486 0.011 5.71 1039.0
2453839.79235 16.456 0.008 3.83 943.0
2453839.86591 16.480 0.011 5.26 984.0
2453839.91976 16.464 0.010 4.70 1092.0
2453840.69894 16.470 0.010 4.96 1227.0
2453840.75746 16.451 0.009 4.17 967.0
2453840.90207 16.436 0.008 3.89 945.0
2453841.71271 16.461 0.009 4.48 1017.0
2453841.76534 16.457 0.008 3.78 994.0
2453842.83708 16.488 0.008 3.59 1023.0
2453845.69061 16.455 0.016 5.83 2900.0
2453845.71097 16.454 0.012 4.07 2760.0
2453845.89856 16.489 0.016 6.14 1958.0
2453846.72165 16.449 0.008 3.90 700.0
2453847.78824 16.459 0.010 5.59 757.0
2453848.74311 16.464 0.009 5.07 637.0
2453849.74231 16.484 0.009 4.19 743.0
2453850.68606 16.460 0.008 4.16 745.0
2453850.85805 16.441 0.008 4.42 768.0
2453850.92955 16.475 0.010 4.68 1122.0
2453851.70130 16.464 0.009 5.04 709.0
2453851.86452 16.476 0.010 5.18 708.0
2453852.68999 16.441 0.009 4.98 739.0
2453852.91850 16.471 0.010 5.19 740.0
2453853.67827 16.456 0.007 4.16 692.0
2453853.84593 16.462 0.007 3.46 599.0
2453853.91745 16.475 0.007 3.52 677.0
2453854.69489 16.463 0.008 4.22 658.0
2453856.66829 16.452 0.008 3.99 891.0
2453856.83458 16.473 0.008 4.13 768.0
2453857.90616 16.475 0.008 3.85 798.0
2453858.72480 16.476 0.009 5.40 635.0
2453859.78737 16.445 0.008 4.27 631.0
2453860.80357 16.500 0.011 5.99 746.0
2453861.65716 16.437 0.009 4.73 853.0
2453861.76416 16.463 0.008 4.03 672.0
2453862.66220 16.475 0.008 4.18 865.0
2453862.85255 16.467 0.007 3.53 786.0
2453862.92625 16.445 0.009 4.26 969.0
2453863.67839 16.468 0.008 4.34 848.0
2453863.89812 16.449 0.007 3.12 703.0
2453864.66772 16.476 0.009 4.24 821.0
2453864.85833 16.474 0.007 3.48 631.0
2453865.72583 16.457 0.008 3.78 808.0
2453865.86939 16.474 0.008 4.53 733.0
2453865.93839 16.440 0.009 3.45 1634.0
2453866.67750 16.463 0.008 3.96 807.0
2453866.81700 16.473 0.008 4.44 708.0
2453866.89521 16.470 0.008 4.01 796.0
2453867.69228 16.468 0.008 3.37 1016.0
2453867.87849 16.500 0.008 3.93 1008.0
2453868.70021 16.470 0.009 3.78 1217.0
2453868.84428 16.478 0.010 4.60 1083.0
2453868.93237 16.495 0.012 5.10 1424.0
2453869.67894 16.480 0.008 3.27 1272.0
2453869.86024 16.454 0.010 4.13 1329.0
2453872.88013 16.439 0.008 4.03 947.0
2453873.68415 16.453 0.008 3.72 742.0
2453873.82631 16.487 0.009 4.51 752.0
2453873.89745 16.443 0.008 4.15 827.0
2453874.73510 16.468 0.009 4.95 694.0
2453874.90997 16.456 0.008 3.93 808.0
2453875.70384 16.458 0.007 3.41 668.0
2453875.85067 16.455 0.007 3.98 704.0
2453876.62284 16.474 0.008 4.19 640.0
2453877.69971 16.472 0.007 3.42 597.0
2453877.84949 16.462 0.007 3.94 737.0
2453877.92253 16.484 0.010 5.22 924.0
2453879.65574 16.455 0.007 4.13 572.0
2453880.82496 16.468 0.008 4.42 749.0
2453880.90406 16.454 0.008 4.55 820.0
2453881.65052 16.468 0.008 4.44 783.0
2453881.86597 16.464 0.007 3.49 766.0
2453881.91259 16.455 0.007 3.27 884.0
2453882.63541 16.470 0.008 3.71 679.0
2453882.78896 16.443 0.008 4.73 716.0
2453882.86286 16.479 0.008 3.69 761.0
2453882.93148 16.462 0.007 3.63 756.0
2453883.62297 16.460 0.008 4.42 769.0
2453883.82009 16.462 0.008 4.43 674.0
2453886.58511 16.444 0.009 5.53 786.0
2453886.78364 16.466 0.008 4.50 630.0
2453886.85879 16.450 0.009 4.89 657.0
2453887.63612 16.472 0.007 4.14 628.0
2453887.76310 16.450 0.008 4.32 607.0
2453887.86665 16.468 0.008 4.06 698.0
2453887.93868 16.447 0.009 4.77 930.0
2453889.65012 16.453 0.007 4.02 624.0
2453889.92495 16.482 0.009 4.33 963.0
2453890.71640 16.452 0.006 3.36 696.0
2453891.65948 16.467 0.008 4.16 693.0
2453891.78117 16.456 0.010 5.79 715.0
2453891.86347 16.438 0.009 5.10 748.0
2453892.72614 16.452 0.007 4.01 678.0
2453892.91784 16.503 0.009 4.59 821.0
2453893.59977 16.452 0.008 4.75 828.0
2453893.84621 16.507 0.011 5.91 775.0
2453894.65432 16.467 0.010 5.41 657.0
2453894.86964 16.489 0.010 5.39 657.0
2453896.59034 16.466 0.011 5.39 1142.0
2453900.51816 16.461 0.012 6.21 1198.0
2453900.70852 16.445 0.008 3.84 1084.0
2453900.78786 16.466 0.008 3.73 988.0
2453900.85641 16.484 0.009 3.78 1114.0
2453901.53293 16.476 0.009 5.35 803.0
2453901.70918 16.445 0.008 3.99 738.0
2453901.78697 16.454 0.008 3.97 769.0
2453901.86004 16.479 0.009 4.79 891.0
2453902.54620 16.438 0.008 4.53 811.0
2453902.73153 16.460 0.008 4.34 754.0
2453902.79578 16.446 0.008 3.94 838.0
2453902.84906 16.458 0.009 4.30 931.0
2453903.64034 16.447 0.008 4.68 709.0
2453903.72286 16.468 0.009 4.96 768.0
2453903.74401 16.475 0.009 4.72 743.0
2453903.75688 16.442 0.008 4.37 715.0
2453903.76573 16.459 0.008 4.10 711.0
2453903.88548 16.478 0.011 5.82 901.0
2453904.54389 16.454 0.009 4.77 816.0
2453904.70631 16.441 0.007 3.44 743.0
2453904.77575 16.466 0.007 3.45 658.0
2453904.84851 16.456 0.008 3.47 815.0
2453905.54072 16.466 0.008 4.04 819.0
2453905.71707 16.462 0.007 3.35 704.0
2453905.78733 16.464 0.007 3.22 731.0
2453905.85592 16.459 0.007 3.28 770.0
2453906.55206 16.466 0.009 4.29 850.0
2453906.74140 16.440 0.008 4.06 654.0
2453906.81463 16.457 0.008 4.02 713.0
2453907.58287 16.470 0.009 4.94 652.0
2453907.76818 16.489 0.010 5.64 690.0
2453907.85267 16.479 0.011 5.98 838.0
2453908.52084 16.500 0.009 4.42 1025.0
2453908.70767 16.477 0.008 4.00 704.0
2453908.78458 16.499 0.009 4.42 684.0
2453908.86736 16.458 0.008 4.26 797.0
2453909.52054 16.413 0.009 5.02 1029.0
2453909.70338 16.468 0.007 3.58 567.0
2453909.79370 16.489 0.008 4.30 604.0
2453909.87329 16.483 0.009 4.32 819.0
2453910.54095 16.451 0.009 4.98 905.0
2453912.51540 16.436 0.007 4.07 836.0
2453912.70709 16.470 0.007 3.57 550.0
2453912.79811 16.488 0.007 3.82 570.0
2453912.88598 16.450 0.008 4.52 754.0
2453913.50829 16.475 0.007 3.43 737.0
2453913.71016 16.454 0.008 4.43 636.0
2453913.80568 16.484 0.008 3.68 703.0
2453914.53435 16.461 0.009 4.95 783.0
2453914.76585 16.471 0.008 4.64 677.0
2453915.51002 16.473 0.009 4.66 875.0
2453915.71502 16.466 0.008 4.75 595.0
2453915.80622 16.469 0.008 4.07 613.0
2453916.55480 16.460 0.009 5.30 773.0
2453917.53286 16.509 0.010 5.93 743.0
2453917.80574 16.439 0.009 5.19 774.0
2453918.55390 16.485 0.011 5.23 810.0
2453918.80046 16.486 0.010 5.24 742.0
2453919.50783 16.455 0.009 4.92 1088.0
2453919.74035 16.464 0.008 4.33 635.0
2453920.49766 16.462 0.010 5.25 831.0
2453920.69428 16.477 0.010 5.55 697.0
2453920.77618 16.461 0.007 3.59 681.0
2453921.49757 16.450 0.008 3.65 945.0
2453921.69675 16.460 0.011 6.08 733.0
2453921.79951 16.495 0.012 5.99 744.0
2453922.69484 16.492 0.011 6.57 696.0
2453930.50068 16.465 0.008 4.62 802.0
2453930.77187 16.505 0.011 6.06 782.0
2453931.48262 16.477 0.011 5.72 952.0
2453932.51415 16.477 0.009 4.65 866.0
2453932.78948 16.442 0.009 4.87 850.0
2453933.49522 16.441 0.008 4.10 873.0
2453933.68496 16.460 0.007 4.26 606.0
2453933.76058 16.462 0.007 3.37 763.0
2453934.47796 16.452 0.008 3.94 885.0
2453934.69473 16.469 0.008 4.68 600.0
2453934.76385 16.446 0.008 4.42 663.0
2453935.52789 16.473 0.008 4.04 759.0
2453935.69912 16.467 0.009 5.44 665.0
2453935.77365 16.460 0.008 4.60 686.0
2453936.48125 16.455 0.010 5.03 861.0
2453936.64658 16.488 0.008 4.07 696.0
2453936.72311 16.482 0.009 4.48 789.0
2453937.49399 16.519 0.012 5.49 984.0
2453937.76761 16.504 0.010 5.84 717.0
2453938.48595 16.449 0.010 5.17 922.0
2453938.67985 16.485 0.008 5.26 554.0
2453938.76270 16.489 0.010 5.58 679.0
2453939.55331 16.456 0.006 3.63 651.0
2453940.67162 16.457 0.007 3.93 578.0
2453940.80244 16.444 0.007 4.35 619.0
2453944.52630 16.478 0.007 4.53 737.0
2453945.49919 16.457 0.008 4.32 764.0
2453945.70163 16.477 0.008 4.34 666.0
2453945.75752 16.465 0.008 4.63 695.0
2453946.50051 16.507 0.009 5.49 784.0
2453946.68978 16.442 0.008 4.86 610.0
2453946.77125 16.467 0.010 5.95 600.0
2453950.50635 16.458 0.009 5.14 681.0
2453950.71955 16.467 0.008 4.65 610.0
2453951.50103 16.476 0.010 4.91 786.0
2453951.73350 16.474 0.010 4.99 996.0
2453955.67474 16.518 0.013 6.06 1147.0
2453956.55425 16.459 0.012 6.25 988.0
2453957.49420 16.444 0.010 5.22 952.0
2453958.56490 16.489 0.008 4.37 781.0
2453959.49070 16.464 0.010 5.45 776.0
2453959.67206 16.462 0.009 4.61 769.0
2453960.48699 16.462 0.008 4.03 750.0
2453960.66604 16.472 0.007 3.54 699.0
2453960.73811 16.462 0.008 4.11 952.0
2453961.55833 16.481 0.010 5.45 788.0
2453963.51967 16.486 0.009 5.24 686.0
2453963.69699 16.453 0.008 4.39 648.0
2453964.51169 16.476 0.008 4.11 703.0
2453964.71659 16.466 0.008 4.76 634.0
2453965.49303 16.468 0.008 4.05 673.0
2453965.68738 16.448 0.007 4.07 617.0
2453966.47670 16.457 0.009 4.52 905.0
2453966.52298 16.447 0.008 4.23 748.0
2453966.55156 16.451 0.008 4.68 697.0
2453966.58553 16.468 0.008 4.25 671.0
2453966.59750 16.468 0.008 4.15 657.0
2453966.62339 16.452 0.008 4.61 675.0
2453966.67604 16.471 0.008 4.45 642.0
2453966.70749 16.477 0.009 5.05 663.0
2453967.48472 16.464 0.010 5.58 740.0
2453967.50451 16.440 0.010 5.53 726.0
2453967.52621 16.476 0.011 6.11 703.0
2453967.54177 16.466 0.010 5.52 685.0
2453967.58389 16.453 0.010 5.35 672.0
2453967.70142 16.455 0.008 4.69 573.0
2453967.72980 16.449 0.009 5.51 690.0
2453968.48477 16.449 0.009 4.53 875.0
2453968.65674 16.475 0.008 4.14 640.0
2453968.72583 16.492 0.010 5.68 752.0
2453969.47078 16.475 0.011 5.71 1045.0
2453969.51337 16.476 0.010 5.82 670.0
2453969.54548 16.466 0.009 5.17 639.0
2453969.57983 16.453 0.008 4.38 617.0
2453969.61361 16.431 0.008 4.61 623.0
2453969.66726 16.481 0.009 4.76 630.0
2453969.72021 16.451 0.008 4.71 659.0
2453970.47436 16.465 0.010 5.26 820.0
2453970.49398 16.499 0.011 5.73 708.0
2453970.57815 16.450 0.010 6.11 573.0
2453970.67483 16.456 0.008 4.36 631.0
2453970.70786 16.479 0.008 4.82 658.0
2453971.53374 16.475 0.011 6.26 651.0
2453971.70812 16.455 0.008 5.15 628.0
2453973.55928 16.466 0.010 6.31 609.0
2453974.49380 16.476 0.010 5.28 723.0
2453974.67274 16.486 0.010 5.92 672.0
2453975.49644 16.467 0.010 5.69 676.0
2453975.67172 16.450 0.009 5.37 729.0
2453976.49315 16.465 0.007 3.58 694.0
2453976.67040 16.479 0.010 5.53 815.0
2453979.49626 16.462 0.011 6.22 871.0
2453982.55516 16.462 0.009 4.68 921.0
2453983.50866 16.503 0.011 5.39 930.0
2453986.56597 16.466 0.012 6.32 879.0
2453987.49387 16.445 0.010 5.48 719.0
2453987.65481 16.469 0.009 4.74 898.0
2453988.49672 16.483 0.008 4.30 663.0
2453990.62791 16.459 0.009 5.13 723.0
2453995.55457 16.457 0.008 4.05 672.0
2453999.57537 16.428 0.009 4.38 710.0
2454001.50556 16.457 0.010 5.58 858.0
2454003.52591 16.437 0.008 4.06 752.0
2454004.51207 16.431 0.008 4.07 779.0
2454006.50795 16.471 0.009 5.06 798.0
2454011.60469 16.481 0.013 6.84 1026.0
2454012.55598 16.478 0.011 5.55 926.0
2454016.50350 16.486 0.010 4.90 888.0
2454018.52869 16.457 0.011 5.48 822.0
2454020.52657 16.443 0.010 5.93 801.0
2454023.52694 16.433 0.008 3.92 1087.0
2454025.54633 16.428 0.009 4.73 958.0
2454027.55127 16.470 0.010 5.11 940.0
2454030.54304 16.497 0.011 5.67 781.0
2454036.52427 16.482 0.012 5.88 1303.0
2454040.50546 16.460 0.012 5.44 1176.0
2454043.50085 16.504 0.015 5.92 1905.0
2454141.86555 16.461 0.011 4.77 1066.0
2454149.88241 16.459 0.011 5.30 913.0
2454153.86875 16.460 0.010 4.59 837.0
2454156.84723 16.450 0.011 5.50 901.0
2454158.86670 16.470 0.011 5.18 935.0
2454161.83461 16.446 0.011 5.21 1019.0
2454163.81752 16.462 0.010 4.31 1478.0
2454164.82316 16.407 0.009 4.00 1226.0
2454165.90355 16.482 0.014 6.09 1652.0
2454167.90749 16.429 0.010 4.32 1228.0
2454169.91109 16.475 0.012 3.94 1973.0
2454175.77796 16.457 0.010 5.00 921.0
2454176.88701 16.455 0.010 4.80 845.0
2454178.77930 16.463 0.009 4.43 799.0
2454179.83813 16.459 0.009 3.83 843.0
2454181.77448 16.465 0.011 5.33 821.0
2454182.81936 16.463 0.009 4.05 709.0
2454183.85548 16.454 0.011 5.75 796.0
2454184.89594 16.478 0.007 4.33 622.0
2454185.87185 16.475 0.010 4.63 716.0
2454189.90641 16.496 0.012 5.89 816.0
2454191.86159 16.469 0.012 5.69 930.0
2454192.77681 16.471 0.012 5.43 1053.0
2454194.77623 16.471 0.010 4.45 983.0
2454196.76649 16.464 0.012 5.71 1069.0
2454202.74790 16.436 0.009 4.54 976.0
2454203.73611 16.457 0.009 4.16 736.0
2454203.92049 16.452 0.009 3.39 1013.0
2454204.72439 16.458 0.010 4.92 885.0
2454205.72483 16.447 0.011 5.75 734.0
2454207.71430 16.472 0.010 5.02 892.0
2454207.88952 16.467 0.008 3.56 750.0
2454208.73643 16.440 0.010 4.54 799.0
2454211.78059 16.495 0.012 6.16 746.0
2454212.91653 16.492 0.011 5.45 778.0
2454213.74310 16.463 0.009 4.38 730.0
2454215.73302 16.456 0.011 5.30 807.0
2454216.69041 16.471 0.010 5.16 878.0
2454216.88336 16.443 0.005 4.00 277.0
2454217.69599 16.468 0.009 4.17 882.0
2454218.72019 16.473 0.012 6.02 843.0
2454219.74164 16.451 0.011 5.31 780.0
2454220.68134 16.430 0.010 5.14 968.0
2454221.72534 16.467 0.012 5.79 1170.0
2454222.90171 16.467 0.009 3.90 1100.0
2454223.72978 16.486 0.012 4.53 2138.0
2454224.77369 16.465 0.011 4.40 1254.0
2454228.66789 16.463 0.010 4.34 1052.0
2454228.89966 16.457 0.011 5.32 1138.0
2454229.66272 16.465 0.013 6.43 949.0
2454229.85975 16.464 0.010 4.33 939.0
2454229.92141 16.446 0.010 4.28 958.0
2454230.67257 16.466 0.010 4.41 803.0
2454230.86051 16.457 0.010 4.42 848.0
2454230.92224 16.466 0.013 5.78 1040.0
2454231.65689 16.462 0.009 5.01 875.0
2454231.83249 16.462 0.009 4.13 884.0
2454231.92525 16.448 0.010 4.42 1012.0
2454232.73970 16.450 0.010 4.73 968.0
2454232.90676 16.456 0.010 4.74 915.0
2454233.78591 16.459 0.012 6.33 937.0
2454234.69977 16.456 0.011 5.23 894.0
2454235.88198 16.445 0.009 3.94 831.0
2454237.68301 16.445 0.010 5.53 814.0
2454238.72065 16.459 0.009 3.93 809.0
2454238.86659 16.460 0.010 4.59 1028.0
2454238.92835 16.494 0.011 5.67 1149.0
2454239.61111 16.469 0.012 6.04 931.0
2454240.66813 16.445 0.009 4.36 787.0
2454240.79950 16.460 0.009 4.15 802.0
2454240.93366 16.461 0.010 4.81 1002.0
2454243.63068 16.448 0.011 5.22 938.0
2454243.72692 16.454 0.010 4.90 797.0
2454243.82053 16.445 0.012 6.11 846.0
2454243.93819 16.465 0.011 4.63 1164.0
2454244.60648 16.455 0.011 5.17 1044.0
2454244.70252 16.453 0.010 4.83 855.0
2454244.79562 16.473 0.010 4.30 873.0
2454245.59918 16.444 0.009 5.63 592.0
2454245.69287 16.453 0.009 4.44 685.0
2454245.78605 16.446 0.009 4.25 682.0
2454246.65791 16.453 0.010 4.89 803.0
2454246.75093 16.440 0.010 5.10 819.0
2454246.84415 16.469 0.010 4.39 972.0
2454247.64879 16.435 0.009 4.70 1342.0
2454247.80613 16.469 0.009 3.94 834.0
2454250.72122 16.432 0.009 4.04 1100.0
2454251.79277 16.456 0.012 4.87 1587.0
2454256.60804 16.448 0.012 5.54 1092.0
2454256.75487 16.487 0.014 6.50 1023.0
2454256.85270 16.467 0.014 6.54 1199.0
2454257.63994 16.461 0.012 5.97 919.0
2454258.62331 16.467 0.012 6.02 824.0
2454258.74657 16.453 0.010 4.42 844.0
2454258.84127 16.464 0.011 5.01 981.0
2454267.58333 16.461 0.012 6.26 908.0
2454268.77077 16.461 0.010 5.71 804.0
2454268.89112 16.446 0.011 5.05 1057.0
2454269.56567 16.459 0.011 5.03 925.0
2454269.68672 16.463 0.009 4.40 685.0
2454269.77747 16.456 0.008 3.94 738.0
2454270.56122 16.470 0.010 5.05 1020.0
2454272.62960 16.465 0.009 3.92 828.0
2454272.77873 16.455 0.008 3.48 910.0
2454272.85023 16.435 0.011 4.95 1109.0
2454273.60663 16.459 0.013 6.37 967.0
2454273.78746 16.456 0.011 5.05 1147.0
2454273.84726 16.467 0.011 4.93 1203.0
2454274.59906 16.484 0.012 5.27 1118.0
2454274.75360 16.447 0.010 4.52 963.0
2454274.81275 16.435 0.009 4.81 1019.0
2454275.59182 16.459 0.009 3.96 900.0
2454275.76723 16.451 0.010 4.17 1030.0
2454275.82568 16.464 0.011 4.78 1178.0
2454275.88689 16.473 0.014 6.40 1375.0
2454276.57658 16.463 0.011 5.47 943.0
2454277.52044 16.455 0.012 5.06 1324.0
2454277.69607 16.436 0.010 4.35 911.0
2454277.75607 16.453 0.010 4.86 894.0
2454277.81467 16.463 0.012 5.68 1132.0
2454278.55424 16.455 0.013 5.88 1284.0
2454278.74144 16.477 0.012 6.00 1002.0
2454278.81443 16.476 0.014 6.01 1255.0
2454283.49990 16.454 0.011 3.98 1539.0
2454283.71007 16.463 0.014 4.31 3074.0
2454283.71363 16.479 0.011 3.77 1634.0
2454284.49492 16.464 0.011 4.48 1138.0
2454284.72540 16.453 0.009 3.77 1001.0
2454284.78760 16.458 0.010 4.23 1198.0
2454284.85269 16.491 0.013 4.80 1594.0
2454285.49338 16.458 0.012 4.97 1310.0
2454285.68546 16.473 0.012 5.83 963.0
2454285.74997 16.458 0.010 4.91 823.0
2454285.81775 16.469 0.011 4.58 1003.0
2454286.49765 16.495 0.012 5.49 1231.0
2454286.79129 16.444 0.010 4.06 1629.0
2454289.50179 16.469 0.013 5.97 1020.0
2454289.72078 16.447 0.011 5.42 908.0
2454289.78583 16.464 0.009 4.31 921.0
2454289.85261 16.428 0.011 5.40 972.0
2454290.55182 16.490 0.011 5.58 765.0
2454291.65420 16.466 0.010 4.68 735.0
2454291.77661 16.482 0.012 5.77 815.0
2454292.47993 16.450 0.010 4.17 1027.0
2454292.65803 16.457 0.009 4.34 733.0
2454292.71766 16.444 0.008 3.72 772.0
2454292.77640 16.453 0.009 3.66 847.0
2454292.84039 16.454 0.010 4.46 1110.0
2454293.48029 16.448 0.010 4.50 968.0
2454293.68619 16.457 0.009 4.19 760.0
2454293.74498 16.456 0.009 3.93 742.0
2454293.82260 16.472 0.009 4.20 822.0
2454294.47955 16.454 0.009 4.15 1016.0
2454295.48108 16.448 0.012 5.85 902.0
2454295.68459 16.455 0.008 4.22 604.0
2454295.74329 16.451 0.008 4.02 621.0
2454295.82555 16.436 0.010 5.11 806.0
2454296.48237 16.427 0.010 4.71 867.0
2454296.67081 16.465 0.009 3.98 615.0
2454296.76929 16.420 0.009 4.54 699.0
2454296.80633 16.484 0.010 5.10 751.0
2454297.50318 16.478 0.011 5.05 853.0
2454297.70406 16.469 0.009 4.52 660.0
2454297.80954 16.459 0.009 5.40 681.0
2454298.53786 16.465 0.011 6.03 731.0
2454298.64370 16.455 0.010 5.12 641.0
2454298.73719 16.443 0.009 4.64 727.0
2454299.52073 16.449 0.009 4.49 761.0
2454299.61407 16.439 0.009 4.39 645.0
2454299.70623 16.466 0.009 4.01 629.0
2454299.79644 16.471 0.012 6.24 738.0
2454300.51619 16.466 0.010 4.32 780.0
2454300.63602 16.454 0.009 4.86 647.0
2454300.73246 16.471 0.010 4.52 712.0
2454301.50664 16.451 0.009 4.13 945.0
2454301.59893 16.444 0.008 3.55 762.0
2454301.69558 16.484 0.009 4.14 703.0
2454301.79413 16.458 0.009 4.22 711.0
2454302.57245 16.470 0.009 4.78 895.0
2454302.67431 16.461 0.010 4.93 717.0
2454303.65868 16.443 0.011 5.82 693.0
2454304.54042 16.448 0.011 5.23 1137.0
2454304.64981 16.447 0.010 4.78 990.0
2454306.52939 16.472 0.012 5.35 1050.0
2454306.66522 16.478 0.010 4.71 892.0
2454307.76575 16.449 0.009 4.34 1084.0
2454311.74123 16.448 0.013 5.68 1503.0
2454312.51103 16.460 0.012 4.92 1294.0
2454312.70621 16.463 0.009 4.06 965.0
2454312.80379 16.456 0.012 5.60 1203.0
2454315.54518 16.465 0.010 4.57 830.0
2454316.57403 16.458 0.009 4.33 697.0
2454317.49641 16.437 0.010 4.74 820.0
2454319.50548 16.451 0.011 5.46 863.0
2454319.75995 16.454 0.010 5.09 927.0
2454320.52846 16.454 0.010 4.72 742.0
2454326.48402 16.462 0.011 5.32 816.0
2454327.57758 16.466 0.012 5.93 767.0
2454328.50464 16.422 0.010 4.71 1003.0
2454328.68160 16.446 0.010 4.68 835.0
2454329.51491 16.459 0.010 4.79 801.0
2454329.66276 16.471 0.011 5.21 785.0
2454329.72151 16.487 0.012 5.41 905.0
2454330.52735 16.452 0.009 4.46 735.0
2454330.67832 16.474 0.009 3.69 738.0
2454331.50754 16.453 0.009 4.36 781.0
2454331.67410 16.445 0.011 5.73 737.0
2454332.48531 16.470 0.009 3.92 830.0
2454333.51637 16.457 0.011 4.96 939.0
2454333.67743 16.452 0.010 4.95 883.0
2454334.48957 16.446 0.012 5.74 1139.0
2454334.58727 16.414 0.014 4.30 3777.0
2454338.48976 16.468 0.011 4.29 1398.0
2454339.50917 16.447 0.010 4.21 1228.0
2454339.68040 16.445 0.014 6.39 1232.0
2454340.57784 16.470 0.011 4.58 1164.0
2454341.49014 16.421 0.013 6.66 1136.0
2454342.51943 16.491 0.012 5.71 879.0
2454343.49545 16.465 0.008 3.38 912.0
2454343.69526 16.475 0.011 5.14 1015.0
2454344.52615 16.465 0.012 5.72 954.0
2454345.49156 16.462 0.009 3.92 887.0
2454346.50017 16.464 0.010 4.50 926.0
2454347.51915 16.452 0.011 5.63 817.0
2454348.54116 16.429 0.009 3.92 827.0
2454350.51473 16.457 0.009 4.06 891.0
2454351.48997 16.463 0.009 4.24 847.0
2454352.53748 16.491 0.013 6.28 891.0
2454353.49740 16.451 0.010 4.62 941.0
2454354.52597 16.465 0.009 4.17 922.0
2454355.51662 16.448 0.009 4.52 972.0
2454356.49401 16.456 0.009 4.05 838.0
2454357.57729 16.491 0.012 6.09 878.0
2454358.53454 16.440 0.010 4.91 887.0
2454359.50334 16.462 0.010 4.64 892.0
2454361.55631 16.471 0.013 6.05 1034.0
2454362.49172 16.436 0.012 4.88 1668.0
2454365.54869 16.452 0.013 5.89 1206.0
2454367.52508 16.458 0.010 4.09 1180.0
2454368.56060 16.463 0.013 5.99 1111.0
2454369.56951 16.455 0.013 5.85 1289.0
2454370.54754 16.445 0.009 3.57 1139.0
2454371.52097 16.459 0.009 4.01 1007.0
2454372.50548 16.460 0.008 3.59 843.0
2454373.57098 16.448 0.010 4.17 999.0
2454375.55784 16.474 0.014 6.39 1088.0
2454377.59515 16.457 0.012 5.54 987.0
2454378.50519 16.472 0.010 4.96 834.0
2454379.52059 16.476 0.014 6.39 971.0
2454380.53206 16.473 0.010 4.52 865.0
2454381.51004 16.504 0.014 6.03 1103.0
2454382.59857 16.456 0.012 5.42 1095.0
2454383.52352 16.462 0.011 5.17 1007.0
2454384.57270 16.466 0.012 5.77 879.0
2454387.55620 16.451 0.010 4.71 1007.0
2454393.51787 16.458 0.009 3.86 1123.0
2454394.57525 16.444 0.013 5.44 1390.0
2454395.54665 16.476 0.012 4.81 1200.0
2454396.55917 16.449 0.013 5.27 1615.0
2454397.51804 16.466 0.011 4.44 1395.0
2454398.52569 16.461 0.012 4.76 1384.0
2454399.56123 16.450 0.012 4.91 1577.0
2454400.52062 16.443 0.013 5.74 1547.0
2454402.53526 16.481 0.015 6.78 1209.0
2454403.53623 16.460 0.013 5.54 1221.0
2454506.88723 16.178 0.010 5.43 1643.0
2454510.88415 16.027 0.007 5.26 1046.0
2454513.84813 15.903 0.006 4.65 1008.0
2454517.84220 15.809 0.008 6.63 1387.0
2454519.82810 15.861 0.008 6.20 1156.0
2454522.86121 15.984 0.009 6.40 1066.0
2454524.84063 16.041 0.007 4.46 1069.0
2454530.80283 16.239 0.007 3.71 925.0
2454533.83653 16.295 0.010 5.70 829.0
2454535.88656 16.340 0.009 4.87 799.0
2454537.78617 16.378 0.010 6.09 804.0
2454538.88012 16.388 0.010 5.06 833.0
2454539.84132 16.395 0.009 4.85 726.0
2454540.85123 16.394 0.009 4.51 809.0
2454541.78028 16.389 0.009 5.14 769.0
2454542.77481 16.378 0.011 6.33 931.0
2454543.77045 16.413 0.010 5.30 915.0
2454544.76729 16.412 0.010 5.16 1062.0
2454545.75400 16.425 0.011 5.72 1159.0
2454546.76063 16.422 0.010 5.06 1145.0
2454547.77477 16.401 0.009 4.33 1152.0
2454548.82769 16.418 0.010 5.09 990.0
2454550.79991 16.433 0.011 6.09 945.0
2454551.74627 16.454 0.011 5.06 1160.0
2454552.78988 16.426 0.011 4.64 1737.0
2454556.74257 16.439 0.010 5.27 741.0
2454557.76016 16.440 0.009 5.18 713.0
2454558.78034 16.437 0.008 4.29 699.0
2454559.73321 16.456 0.009 4.82 662.0
2454559.92212 16.453 0.011 4.44 1593.0
2454560.73554 16.445 0.009 5.18 650.0
2454560.92274 16.433 0.009 3.35 1555.0
2454561.72599 16.441 0.008 4.22 770.0
2454561.91209 16.446 0.008 3.70 747.0
2454564.71622 16.421 0.009 5.44 705.0
2454564.91648 16.466 0.009 4.39 722.0
2454565.71438 16.434 0.008 3.81 719.0
2454565.90494 16.448 0.007 3.00 693.0
2454566.71369 16.452 0.008 4.26 706.0
2454566.90675 16.458 0.008 3.64 711.0
2454567.70586 16.439 0.009 4.41 845.0
2454567.91256 16.426 0.008 3.77 795.0
2454568.71140 16.448 0.010 4.93 766.0
2454569.72108 16.466 0.010 5.76 747.0
2454570.71239 16.458 0.011 6.06 840.0
2454571.70016 16.481 0.013 6.59 930.0
2454571.89835 16.462 0.008 3.90 721.0
2454572.73690 16.449 0.010 5.21 834.0
2454573.72578 16.420 0.009 4.89 950.0
2454574.72819 16.449 0.010 4.59 990.0
2454575.73362 16.458 0.009 4.01 1031.0
2454576.74129 16.439 0.009 3.96 1157.0
2454577.82547 16.452 0.010 4.53 966.0
2454578.77662 16.484 0.012 5.90 1025.0
2454579.85328 16.445 0.010 4.90 1091.0
2454583.72027 16.412 0.012 5.77 1278.0
2454583.90541 16.485 0.009 4.59 823.0
2454585.74076 16.451 0.011 5.67 815.0
2454586.74861 16.447 0.010 5.34 808.0
2454587.75688 16.486 0.011 5.59 777.0
2454587.91531 16.462 0.012 5.87 901.0
2454588.72207 16.446 0.009 4.76 740.0
2454589.70438 16.457 0.010 4.93 788.0
2454589.85966 16.463 0.010 5.05 801.0
2454589.92169 16.462 0.010 4.65 871.0
2454590.68177 16.454 0.009 4.68 861.0
2454590.88742 16.488 0.009 4.10 915.0
2454591.69355 16.472 0.010 4.91 925.0
2454591.86559 16.459 0.009 4.11 894.0
2454591.92774 16.458 0.009 3.99 1151.0
2454592.65206 16.455 0.009 4.07 1104.0
2454592.84123 16.464 0.010 4.33 1123.0
2454592.90458 16.454 0.009 3.90 1164.0
2454593.64134 16.468 0.009 4.30 936.0
2454593.85091 16.458 0.009 4.40 913.0
2454593.91293 16.444 0.009 3.85 977.0
2454594.66235 16.480 0.012 6.01 869.0
2454594.85712 16.454 0.009 4.33 844.0
2454594.92289 16.433 0.010 5.16 864.0
2454595.64783 16.475 0.011 5.91 855.0
2454595.84601 16.449 0.009 4.71 730.0
2454595.90812 16.473 0.010 5.08 783.0
2454596.64113 16.462 0.010 5.05 835.0
2454596.92086 16.451 0.009 4.15 794.0
2454597.67161 16.461 0.011 5.76 747.0
2454597.86295 16.448 0.009 4.30 843.0
2454597.93407 16.483 0.011 5.13 1103.0
2454598.64142 16.466 0.008 4.09 677.0
2454598.88621 16.447 0.008 3.77 773.0
2454599.62023 16.468 0.011 5.37 969.0
2454599.82423 16.455 0.008 3.72 697.0
2454600.62943 16.446 0.009 4.49 733.0
2454600.93600 16.470 0.010 3.89 1379.0
2454601.63504 16.448 0.009 4.35 940.0
2454601.85129 16.458 0.008 3.87 651.0
2454601.91326 16.473 0.008 4.22 715.0
2454602.62244 16.461 0.009 4.19 926.0
2454602.83701 16.475 0.008 3.92 826.0
2454603.75506 16.468 0.009 4.71 791.0
2454606.62281 16.461 0.010 4.29 1390.0
2454610.72452 16.453 0.009 3.90 1002.0
2454610.93196 16.454 0.010 4.26 1287.0
2454611.61455 16.471 0.014 6.48 1040.0
2454611.84747 16.465 0.009 3.68 1040.0
2454612.63598 16.491 0.011 5.53 1093.0
2454615.77764 16.443 0.009 4.68 824.0
2454616.58670 16.440 0.012 6.47 917.0
2454616.80314 16.445 0.008 4.21 677.0
2454616.87295 16.449 0.010 4.84 903.0
2454617.65018 16.464 0.009 4.67 757.0
2454618.59820 16.465 0.010 5.42 824.0
2454621.69554 16.444 0.008 4.32 678.0
2454622.77998 16.443 0.010 5.24 818.0
2454622.89816 16.482 0.011 5.01 1048.0
2454623.62165 16.467 0.012 6.46 741.0
2454623.85194 16.457 0.010 5.08 983.0
2454623.92286 16.411 0.011 5.64 1075.0
2454624.56367 16.434 0.011 5.67 1020.0
2454624.79556 16.453 0.010 5.00 731.0
2454624.86217 16.479 0.009 4.63 764.0
2454624.93118 16.448 0.012 5.82 1063.0
2454625.58989 16.451 0.011 5.80 793.0
2454625.77799 16.479 0.011 5.67 889.0
2454625.87191 16.475 0.012 5.96 885.0
2454626.58777 16.454 0.010 5.57 740.0
2454626.84032 16.457 0.009 5.01 723.0
2454627.54523 16.466 0.010 4.90 963.0
2454627.81443 16.456 0.008 3.77 619.0
2454627.90048 16.461 0.009 4.37 703.0
2454628.57851 16.424 0.010 5.09 828.0
2454628.74230 16.459 0.009 4.73 716.0
2454628.80790 16.429 0.009 4.89 712.0
2454628.86985 16.445 0.009 4.37 767.0
2454629.59177 16.465 0.009 4.49 751.0
2454629.81552 16.459 0.009 3.91 841.0
2454629.89373 16.454 0.009 4.89 893.0
2454630.54522 16.478 0.011 5.25 992.0
2454630.75525 16.468 0.009 3.96 812.0
2454630.83845 16.460 0.009 4.35 847.0
2454630.90143 16.478 0.011 5.17 967.0
2454631.55073 16.433 0.009 4.06 1016.0
2454631.76659 16.449 0.009 4.26 767.0
2454631.84433 16.470 0.008 3.98 859.0
2454631.91930 16.447 0.011 4.88 1298.0
2454632.54807 16.435 0.011 5.61 1224.0
2454632.81309 16.455 0.008 3.77 902.0
2454633.55411 16.458 0.009 4.17 1097.0
2454633.65597 16.476 0.009 4.21 923.0
2454633.77757 16.455 0.008 3.35 972.0
2454638.73964 16.458 0.010 4.52 933.0
2454638.83729 16.452 0.010 4.76 1150.0
2454639.55830 16.449 0.012 5.42 1212.0
2454639.65847 16.435 0.008 3.77 1025.0
2454639.83785 16.494 0.013 5.23 1917.0
2454640.57838 16.454 0.009 4.16 861.0
2454640.70948 16.460 0.009 4.11 754.0
2454640.81660 16.469 0.011 5.45 845.0
2454641.60122 16.457 0.008 4.10 735.0
2454641.75686 16.461 0.009 4.56 830.0
2454642.57698 16.481 0.011 5.55 802.0
2454642.73749 16.458 0.009 4.94 721.0
2454642.81542 16.439 0.010 5.32 829.0
2454643.53712 16.481 0.012 6.00 887.0
2454644.64959 16.462 0.010 5.00 727.0
2454644.82888 16.448 0.008 3.99 807.0
2454645.50377 16.441 0.010 4.59 1169.0
2454645.75445 16.459 0.010 4.96 775.0
2454645.83031 16.461 0.011 5.48 938.0
2454646.50561 16.442 0.009 3.89 1032.0
2454646.83770 16.490 0.010 4.65 998.0
2454647.50012 16.458 0.011 4.23 1410.0
2454647.72497 16.466 0.010 5.04 877.0
2454647.83171 16.486 0.011 5.41 973.0
2454648.52853 16.459 0.010 4.46 973.0
2454648.61798 16.442 0.009 4.42 828.0
2454648.69432 16.470 0.009 4.32 728.0
2454648.84592 16.452 0.010 5.21 957.0
2454649.50866 16.473 0.011 5.21 1044.0
2454649.71916 16.477 0.009 4.30 734.0
2454649.83375 16.473 0.010 5.25 830.0
2454650.54018 16.479 0.011 5.00 1076.0
2454650.75762 16.456 0.009 4.33 681.0
2454650.84260 16.451 0.010 4.87 894.0
2454651.79451 16.455 0.010 4.91 879.0
2454652.49199 16.472 0.012 5.79 1188.0
2454652.69455 16.477 0.010 4.87 792.0
2454652.77613 16.450 0.009 4.79 736.0
2454652.82976 16.453 0.010 4.77 871.0
2454653.48842 16.456 0.012 5.48 1216.0
2454653.70749 16.471 0.010 4.73 880.0
2454653.77273 16.451 0.010 4.73 904.0
2454654.52375 16.448 0.011 6.02 827.0
2454654.73541 16.484 0.009 4.44 758.0
2454654.80369 16.462 0.010 4.78 1029.0
2454655.48822 16.469 0.011 5.01 1233.0
2454655.71261 16.462 0.008 3.93 644.0
2454655.77453 16.463 0.009 4.50 780.0
2454656.49021 16.470 0.008 3.62 892.0
2454656.67998 16.461 0.010 4.39 950.0
2454656.79560 16.470 0.009 3.82 1183.0
2454657.56476 16.466 0.011 5.79 919.0
2454658.64856 16.453 0.010 5.39 851.0
2454659.58236 16.459 0.011 5.73 827.0
2454660.53795 16.482 0.014 6.67 1064.0
2454661.47833 16.445 0.010 4.22 1373.0
2454661.67588 16.460 0.010 4.44 946.0
2454661.74046 16.461 0.009 3.93 1098.0
2454661.80757 16.453 0.010 4.17 1235.0
2454665.64556 16.448 0.012 4.76 1655.0
2454666.48981 16.444 0.012 5.45 1408.0
2454666.67448 16.468 0.010 4.67 1061.0
2454669.59989 16.499 0.012 5.56 1242.0
2454670.63591 16.461 0.011 5.58 765.0
2454671.57404 16.452 0.010 5.92 641.0
2454671.76387 16.445 0.011 6.12 836.0
2454672.49160 16.438 0.008 4.29 911.0
2454672.75506 16.475 0.010 4.61 947.0
2454672.79407 16.462 0.010 5.43 862.0
2454674.49607 16.488 0.012 6.03 832.0
2454675.66346 16.442 0.009 4.22 806.0
2454677.47666 16.415 0.009 4.69 1021.0
2454677.62304 16.455 0.012 6.29 719.0
2454677.70680 16.436 0.009 4.99 732.0
2454678.67689 16.450 0.009 4.11 695.0
2454679.56939 16.482 0.012 6.62 744.0
2454681.51804 16.433 0.009 4.77 744.0
2454681.61815 16.464 0.009 4.85 658.0
2454682.48910 16.448 0.009 3.97 858.0
2454682.56502 16.444 0.009 4.56 788.0
2454682.74169 16.477 0.009 4.13 767.0
2454683.50739 16.473 0.013 6.81 1010.0
2454683.69450 16.465 0.010 5.35 771.0
2454684.49947 16.435 0.009 4.57 1002.0
2454684.75605 16.446 0.009 4.77 835.0
2454685.53342 16.435 0.010 5.06 886.0
2454686.48871 16.462 0.010 4.23 925.0
2454687.51467 16.471 0.010 4.86 808.0
2454687.72805 16.468 0.010 5.10 973.0
2454688.48531 16.450 0.011 5.59 1000.0
2454688.67531 16.466 0.009 4.40 771.0
2454688.73700 16.475 0.011 5.57 903.0
2454693.52976 16.460 0.009 4.19 1062.0
2454694.52820 16.452 0.013 6.23 1032.0
2454697.48890 16.458 0.010 5.33 802.0
2454698.49375 16.462 0.011 5.85 721.0
2454699.48836 16.428 0.010 5.14 809.0
2454700.49669 16.463 0.009 4.41 824.0
2454701.49202 16.462 0.010 5.21 893.0
2454702.49040 16.443 0.009 4.35 844.0
2454703.59833 16.477 0.011 5.76 785.0
2454704.60554 16.469 0.008 3.86 807.0
2454705.49427 16.462 0.010 5.42 849.0
2454707.59519 16.475 0.009 4.21 716.0
2454708.52706 16.434 0.009 4.96 793.0
2454709.50301 16.484 0.011 5.80 872.0
2454710.53051 16.460 0.009 4.61 865.0
2454711.51256 16.452 0.011 5.62 835.0
2454715.57262 16.464 0.011 5.79 876.0
2454716.56340 16.464 0.009 3.74 1289.0
2454720.51606 16.451 0.011 4.96 1111.0
2454721.51692 16.467 0.012 5.51 1146.0
2454722.62924 16.478 0.012 5.42 1131.0
2454724.49602 16.469 0.011 5.60 1033.0
2454725.56987 16.468 0.011 4.81 1179.0
2454726.53443 16.479 0.013 6.18 970.0
2454728.57893 16.465 0.012 5.74 838.0
2454729.51948 16.466 0.012 6.36 810.0
2454730.60534 16.476 0.010 5.23 836.0
2454731.54239 16.482 0.011 5.69 785.0
2454733.49398 16.485 0.010 4.89 829.0
2454734.54039 16.467 0.011 5.36 874.0
2454737.52861 16.482 0.012 6.22 771.0
2454740.54070 16.475 0.011 5.79 815.0
2454741.59138 16.455 0.010 4.95 861.0
2454743.52196 16.447 0.011 4.89 864.0
2454750.58857 16.442 0.014 6.29 1333.0
2454756.51072 16.457 0.013 6.18 984.0
2454765.50610 16.452 0.010 5.39 986.0
2454867.88162 16.464 0.010 4.33 1423.0
2454872.85028 16.499 0.015 6.68 1472.0
2454872.89293 16.463 0.017 6.00 2643.0
2454876.85433 16.453 0.011 5.66 948.0
2454884.83742 16.474 0.009 4.19 1003.0
